50
157
1 3
1 5
1 10
1 13
1 16
1 24
1 25
1 26
1 28
1 43
2 3
2 18
2 21
2 26
2 37
2 46
3 10
3 28
3 33
3 45
4 24
4 31
4 41
4 43
5 32
5 44
5 46
6 7
6 13
6 17
6 20
6 25
6 44
7 9
7 34
7 46
7 47
7 49
8 9
8 25
8 27
8 28
8 33
8 45
8 46
8 50
9 11
9 19
9 27
9 37
9 48
9 50
10 14
10 29
10 43
10 50
11 13
11 20
11 26
11 33
11 47
12 33
12 48
13 17
13 20
13 21
13 27
13 32
13 35
13 40
13 49
13 50
14 19
14 24
14 30
14 38
14 42
15 22
15 26
15 27
15 29
15 31
15 35
15 37
15 39
15 40
15 43
16 17
16 33
16 37
17 22
17 26
17 33
17 36
17 37
18 19
18 21
18 24
18 29
18 31
18 38
18 39
18 45
18 46
19 49
20 21
20 22
20 30
20 39
20 49
21 23
21 28
21 33
21 38
22 23
22 27
22 37
23 26
23 43
24 26
24 42
24 46
24 48
25 32
26 31
27 30
28 29
28 31
29 30
29 33
29 37
29 48
30 35
30 41
31 43
32 33
32 39
32 41
33 37
33 39
33 44
34 35
34 36
34 38
35 39
35 50
36 37
36 41
36 45
36 47
37 38
38 39
39 43
43 47
44 49
48 49
48 50
