75
217
1 13
1 15
1 24
1 37
1 52
1 57
1 65
1 72
2 9
2 11
2 24
2 46
2 49
2 67
3 14
3 16
3 53
3 65
4 17
4 23
4 25
4 34
4 62
4 71
5 6
5 18
5 55
5 74
6 22
6 25
6 36
6 40
6 47
6 53
6 54
7 9
7 28
7 46
7 56
8 10
8 22
8 30
8 36
9 17
9 32
9 38
9 40
9 45
9 69
10 12
10 34
10 52
11 12
11 15
11 16
11 30
11 44
11 49
11 53
11 63
11 66
12 13
12 23
12 24
12 26
12 28
12 66
12 68
12 72
13 17
13 29
13 38
13 46
13 63
13 64
13 71
13 75
14 30
14 32
14 46
15 35
15 38
15 46
15 53
15 55
15 73
16 17
16 18
16 19
16 24
16 42
16 61
17 18
17 29
17 36
17 58
18 60
18 64
18 70
19 20
19 21
19 29
19 34
19 36
19 40
19 49
19 61
19 73
20 26
20 32
20 43
21 23
22 33
22 37
22 51
22 53
22 72
22 73
23 47
23 61
23 63
24 51
24 53
24 57
24 69
25 29
25 34
25 37
25 38
25 43
25 44
25 60
25 61
25 63
25 69
26 66
26 67
27 42
27 75
28 32
28 38
28 58
28 70
29 30
29 31
29 43
29 61
30 50
30 57
31 34
31 69
31 70
32 37
32 43
32 58
32 64
32 67
32 73
33 75
34 40
34 47
34 56
35 44
36 38
36 43
36 52
36 64
37 40
37 53
37 59
37 64
38 52
38 60
38 65
38 70
39 43
39 74
40 42
41 44
41 46
41 53
41 73
42 45
43 44
43 57
44 66
45 47
45 68
46 61
46 66
47 50
47 65
48 49
48 52
51 61
51 68
52 66
54 57
54 60
54 65
55 65
55 66
57 60
58 59
59 69
59 72
60 71
61 63
61 68
61 69
62 73
63 65
64 65
66 67
67 69
67 71
69 75
