100
319
1 6
1 11
1 16
1 17
1 59
1 63
1 69
1 81
2 18
2 22
2 52
2 61
2 87
2 95
3 15
3 16
3 31
3 43
3 58
3 88
4 5
4 6
4 8
4 17
4 36
4 61
4 86
4 95
5 47
5 54
5 70
5 77
5 79
5 85
5 94
6 15
6 16
6 52
6 58
6 59
6 62
6 80
6 87
7 8
7 33
7 41
7 61
7 69
7 87
8 10
8 11
8 78
8 83
8 95
8 96
9 23
9 28
9 30
9 33
9 46
9 79
10 28
10 47
10 62
10 84
10 98
11 14
11 19
11 30
11 43
11 46
11 47
11 49
11 91
12 31
12 36
12 52
12 66
12 71
12 78
13 28
13 35
13 56
13 62
13 66
13 78
13 85
13 87
14 48
15 23
15 53
15 76
15 96
16 84
17 28
17 49
17 77
17 83
17 92
17 96
18 19
18 57
18 82
18 87
18 90
18 91
18 96
19 38
19 48
19 59
19 70
20 21
20 42
20 68
20 80
21 30
21 39
21 43
21 62
21 89
22 24
22 28
22 36
22 45
22 53
22 55
22 64
22 72
22 79
22 82
22 84
22 85
22 87
22 88
22 93
23 30
23 34
23 36
23 45
23 60
23 75
23 76
23 100
24 28
24 30
24 37
24 70
24 98
25 27
25 68
26 28
26 54
27 64
28 32
28 37
28 62
28 81
28 97
29 31
29 35
29 54
29 68
29 81
29 84
30 47
30 73
30 78
30 95
30 98
31 37
31 64
31 71
31 83
31 97
32 38
32 64
32 77
32 79
32 89
33 40
33 47
33 73
33 92
34 37
34 42
34 58
35 45
35 76
35 94
35 98
36 57
36 58
36 84
36 94
37 41
37 49
38 47
38 79
38 99
38 100
39 53
39 77
39 82
39 83
39 93
40 41
40 57
40 88
41 48
41 79
41 82
42 79
42 82
43 45
43 54
43 60
43 81
43 86
43 91
43 94
44 80
44 100
46 50
46 53
46 54
46 97
47 79
47 85
48 54
48 77
48 87
48 88
48 97
49 62
49 74
49 79
49 80
49 88
50 81
51 54
51 75
51 81
51 89
52 90
53 65
53 78
54 71
54 75
54 83
54 91
54 99
55 90
56 64
56 67
56 68
56 90
56 91
57 58
57 62
57 87
58 63
58 85
58 98
59 60
59 61
59 98
60 68
60 73
60 81
60 87
60 88
61 84
61 90
62 71
62 80
62 97
63 65
63 70
63 87
63 100
64 74
66 67
66 74
67 68
67 78
68 84
68 89
68 91
68 96
69 70
69 84
69 87
69 98
70 73
70 80
70 100
71 76
71 82
72 78
72 81
72 84
73 78
73 94
74 78
75 92
76 77
76 91
78 94
79 86
80 92
80 96
83 84
83 92
83 97
85 86
87 99
90 91
92 98
99 100
