300
1075
1 2
1 16
1 23
1 69
1 109
1 130
1 197
1 202
2 16
2 44
2 51
2 65
2 76
2 122
2 128
2 166
2 183
2 204
2 260
3 4
3 40
3 99
3 144
3 146
3 157
3 214
3 273
4 181
4 281
4 291
5 6
5 7
5 46
5 131
5 137
5 151
5 180
5 267
5 274
5 287
6 38
6 57
6 63
6 65
6 66
6 91
6 95
6 113
6 248
6 260
6 294
7 45
7 66
7 168
7 173
7 219
7 237
7 257
7 288
7 299
8 10
8 17
8 53
8 81
8 184
8 212
8 265
8 268
8 274
8 290
9 10
9 45
9 74
9 96
9 99
9 168
9 169
9 262
9 268
9 280
10 20
10 21
10 103
10 173
10 178
10 250
10 256
10 263
11 84
11 104
11 229
11 282
12 41
12 46
12 80
12 106
12 185
12 216
12 260
12 281
13 93
13 100
13 121
13 289
14 15
14 78
14 83
14 87
14 130
14 143
14 144
14 172
14 221
14 293
15 51
15 89
15 235
16 17
16 191
17 42
17 49
17 84
17 289
18 27
18 71
18 87
18 91
18 115
18 168
18 231
18 235
19 50
19 106
19 169
19 193
19 214
19 293
20 75
20 115
20 117
20 174
20 184
20 229
20 255
21 103
21 142
21 188
21 202
21 242
21 255
21 295
22 50
22 84
22 93
22 146
22 226
22 239
23 78
23 108
23 138
23 256
23 270
24 25
24 42
24 46
24 50
24 114
24 177
24 178
24 221
24 233
24 276
25 85
25 91
25 95
25 148
25 227
26 47
26 53
26 57
26 112
26 179
26 192
26 213
26 284
27 45
27 79
27 84
27 118
27 166
27 200
27 245
28 29
28 78
28 154
28 158
28 188
28 195
28 225
28 284
29 50
29 75
29 101
29 108
29 177
29 261
29 300
30 105
30 136
30 190
30 217
30 227
30 270
31 44
31 45
31 106
31 123
31 147
31 171
31 179
31 227
31 237
31 249
31 283
31 286
32 40
32 46
32 51
32 65
32 125
32 287
33 34
33 151
33 179
33 185
34 97
34 100
34 124
34 147
34 195
35 38
35 56
35 116
35 164
35 172
35 182
35 281
35 300
36 58
36 69
36 104
36 170
36 228
36 229
37 138
37 256
38 64
38 135
39 43
39 58
40 81
40 102
40 190
40 208
40 258
40 281
41 44
41 62
41 83
41 101
41 129
41 143
41 173
41 177
41 211
41 253
41 262
42 47
42 89
42 193
42 261
42 267
42 277
43 53
43 83
43 168
43 298
43 300
44 56
44 72
44 78
44 90
44 94
44 118
44 147
44 148
44 160
45 47
45 97
45 213
45 265
45 292
45 294
46 93
46 131
46 260
46 290
47 71
47 74
47 87
47 90
47 100
47 169
47 231
47 257
47 291
48 51
48 67
48 146
48 248
48 253
48 257
49 50
49 78
49 148
49 192
49 195
49 213
49 223
50 55
50 100
50 107
50 119
50 245
50 262
50 299
52 75
52 134
52 200
52 221
53 55
53 101
53 216
53 278
53 291
54 75
54 185
54 236
54 252
55 72
55 121
55 145
55 151
55 164
55 201
55 223
55 225
55 272
55 280
56 64
56 73
56 85
56 149
56 229
56 271
57 92
57 161
57 186
57 251
57 258
57 262
57 281
57 288
58 164
58 208
58 260
58 291
59 88
59 110
59 128
59 187
59 261
59 278
60 73
60 205
61 82
61 101
61 146
61 158
61 185
61 277
61 281
61 291
62 75
62 147
62 271
63 71
63 74
63 299
64 86
64 162
64 228
64 297
65 66
65 109
65 248
65 257
65 296
66 76
66 185
66 212
66 230
66 242
66 250
66 289
67 72
67 112
67 174
68 69
68 115
68 146
68 204
69 89
69 92
69 99
69 202
69 218
69 220
69 253
70 71
70 73
70 82
70 88
70 99
70 129
70 169
70 205
70 220
70 264
71 83
71 86
71 170
71 269
72 114
72 129
72 200
72 251
72 297
73 125
73 130
73 166
73 177
73 183
73 228
73 275
73 277
73 290
74 89
74 114
74 127
75 211
75 227
75 259
75 282
75 286
76 77
76 105
76 133
76 153
76 161
76 167
76 193
76 231
76 242
76 252
76 265
76 280
77 81
77 108
77 115
77 181
77 233
77 291
77 296
78 79
78 131
78 147
78 171
78 244
78 250
78 279
79 125
79 128
79 244
79 268
79 280
79 284
80 82
80 116
80 121
80 217
80 281
81 94
81 101
81 161
82 115
82 134
82 224
83 130
83 136
83 139
83 147
83 171
83 229
83 241
83 265
84 94
84 120
84 211
84 255
84 278
84 295
85 91
85 150
85 201
85 219
85 229
85 230
86 87
86 108
86 130
86 191
86 211
86 220
86 242
86 264
87 158
87 254
88 128
88 297
89 96
89 128
89 177
89 201
89 233
89 294
90 97
90 156
90 203
90 204
91 176
91 191
92 113
92 215
93 96
93 125
93 137
93 205
93 223
93 247
93 276
94 99
94 178
94 184
94 218
94 295
95 99
95 113
95 125
95 185
95 212
95 279
96 102
96 162
96 199
96 236
96 256
96 273
96 291
97 129
97 140
97 166
97 203
97 232
97 266
97 268
98 137
98 185
98 252
98 294
100 110
100 173
101 105
101 106
101 107
101 110
101 129
101 162
101 185
101 240
101 295
102 114
102 212
102 246
102 291
103 167
103 189
103 280
103 290
104 121
104 143
104 220
104 254
105 113
105 158
105 161
106 202
106 253
106 262
106 270
107 108
107 128
107 169
107 220
108 142
108 239
108 296
109 114
109 152
109 161
109 173
109 215
109 220
109 232
109 285
110 119
110 158
110 167
110 195
110 232
110 296
110 300
111 116
111 198
112 187
112 226
112 282
112 300
113 147
113 154
113 197
113 291
114 134
114 191
114 229
114 270
114 286
115 116
115 131
115 241
116 126
116 151
117 121
117 292
117 296
118 200
118 248
119 124
119 184
119 220
119 286
120 141
120 180
120 181
121 246
122 123
122 129
122 141
122 178
122 249
122 271
122 274
123 152
123 184
123 209
123 275
123 293
123 300
124 126
124 142
125 152
125 165
125 172
125 204
125 234
125 242
125 295
126 127
126 139
126 151
126 164
126 168
126 190
126 249
126 250
126 268
126 274
127 185
127 225
127 262
127 294
128 176
128 214
128 251
128 278
129 134
129 151
129 172
129 187
129 216
129 232
129 251
129 287
130 144
130 163
130 176
130 178
130 230
131 165
131 166
131 169
131 180
131 259
131 291
132 202
132 203
132 266
132 288
133 187
133 212
133 249
134 194
134 221
135 146
135 207
135 220
136 257
136 288
137 138
137 225
137 253
138 159
138 165
138 212
138 229
138 293
139 141
139 180
140 187
140 229
140 300
141 298
142 279
142 284
142 298
143 204
144 149
144 203
144 215
144 253
144 291
145 197
145 236
145 263
146 217
146 225
147 294
148 162
148 166
148 172
149 177
149 195
149 208
149 247
149 271
149 274
150 151
150 159
150 174
151 179
151 185
151 239
151 242
151 247
152 153
152 177
152 179
152 186
152 193
152 200
152 234
152 239
152 276
153 163
153 274
154 196
154 259
155 158
155 182
155 272
155 288
156 173
156 219
156 298
157 191
157 213
157 230
158 172
158 190
158 191
158 198
159 160
159 243
159 252
159 292
160 203
160 253
161 162
161 164
161 174
161 222
161 232
161 264
161 270
162 196
162 198
162 275
163 164
163 190
163 199
163 245
163 262
163 263
164 215
164 222
164 225
164 246
164 262
164 298
165 168
165 218
165 241
166 199
166 232
166 252
166 298
167 254
168 272
168 286
169 238
169 270
170 194
170 206
170 216
170 283
170 290
170 293
171 174
171 197
171 295
172 177
172 182
173 188
173 264
173 280
173 289
174 195
174 213
174 299
175 176
175 231
176 214
176 236
176 238
176 251
177 184
177 193
177 245
177 272
178 179
178 270
178 272
180 213
180 258
181 182
182 209
182 220
183 184
183 205
183 243
183 262
184 192
184 197
184 282
186 189
186 193
186 225
186 270
187 276
188 190
188 226
188 287
189 200
189 297
190 191
190 217
190 237
190 276
191 246
192 193
192 198
192 233
192 258
192 298
193 220
193 256
193 278
194 195
194 250
195 222
195 255
195 293
196 197
196 222
196 279
196 295
197 211
197 275
198 199
198 200
198 230
198 232
198 246
198 275
199 240
199 268
200 219
200 253
200 274
201 210
201 272
201 290
202 204
202 208
202 257
203 210
204 210
204 281
206 261
206 277
206 295
207 209
207 212
207 228
207 231
207 281
208 232
208 257
209 214
209 227
209 230
209 242
209 297
210 259
211 212
211 242
211 254
212 252
212 278
213 214
213 233
213 245
213 261
214 219
214 260
216 217
216 264
216 278
216 293
217 219
218 220
218 245
218 291
219 240
219 248
220 266
222 223
222 298
224 225
224 244
224 298
225 266
225 267
226 234
226 236
226 246
226 268
226 271
227 231
229 284
232 251
232 271
233 261
234 252
235 264
235 279
236 237
236 240
236 295
237 278
237 298
238 239
238 299
239 258
240 243
240 248
240 293
240 297
241 290
243 300
244 271
245 246
245 280
246 270
247 300
248 252
248 266
248 282
248 288
250 263
256 257
256 273
256 293
257 274
257 281
258 275
259 286
259 295
261 264
261 293
262 297
264 268
266 269
267 268
268 278
269 282
269 285
270 272
271 288
272 299
273 287
274 276
274 296
275 283
275 297
278 279
280 283
284 290
286 287
286 295
288 289
289 292
293 295
293 297
297 300
