400
1601
1 2
1 7
1 34
1 176
1 256
1 258
1 266
1 345
2 61
2 169
2 182
2 278
2 298
3 4
3 25
3 55
3 212
4 14
4 49
4 120
4 145
4 147
4 162
4 200
4 287
4 296
4 343
4 397
5 46
5 105
5 115
5 184
5 343
5 347
6 7
6 11
6 188
6 240
6 248
6 361
7 112
7 205
7 237
7 250
7 327
7 343
8 26
8 99
8 103
8 172
8 174
8 177
8 182
8 208
8 268
8 371
9 64
9 77
9 155
9 175
9 239
9 265
9 270
9 275
9 297
9 379
10 11
10 128
10 220
10 316
10 343
10 344
10 345
10 381
11 36
11 53
11 135
11 151
11 160
11 186
11 285
11 344
11 380
11 396
12 17
12 31
12 172
12 184
12 242
12 327
13 192
13 214
13 220
13 242
13 254
13 309
13 337
13 387
14 19
14 26
14 50
14 72
14 73
14 74
14 85
14 196
14 308
14 328
14 339
14 344
14 397
15 45
15 55
15 101
15 196
15 251
15 309
16 62
16 171
16 242
16 264
16 274
16 346
16 365
16 376
17 130
17 151
17 155
17 169
17 189
17 218
17 244
17 337
17 344
18 87
18 150
18 174
18 182
18 207
18 228
18 339
18 376
19 117
19 135
19 163
19 289
19 386
20 22
20 43
20 75
20 129
20 132
20 204
20 214
20 221
20 357
20 400
21 64
21 107
21 276
21 321
21 382
21 385
22 34
22 56
22 116
22 120
22 264
22 315
22 321
23 40
23 68
23 163
23 201
23 325
23 350
23 352
23 379
24 95
24 119
24 163
24 167
24 169
24 195
24 215
24 307
24 317
24 341
24 366
24 391
25 45
25 57
25 147
25 191
25 198
25 269
25 291
25 297
25 312
26 33
26 68
26 115
26 237
26 313
26 368
27 95
27 132
27 136
27 158
27 182
27 192
27 274
27 293
27 300
27 394
28 72
28 82
28 88
28 97
28 235
28 261
28 263
28 314
28 325
28 370
29 139
29 246
30 48
30 55
30 67
30 98
30 135
30 149
30 209
30 222
30 276
30 365
31 44
31 189
31 225
31 277
31 280
32 46
32 57
32 223
32 243
32 268
32 277
32 316
32 356
33 37
33 131
33 153
33 155
33 241
33 306
33 321
34 36
34 191
34 228
34 313
34 337
34 343
34 381
34 392
35 55
35 77
35 88
35 123
35 201
35 358
36 95
36 343
37 42
37 92
37 132
37 170
37 255
37 286
37 363
38 90
38 188
38 312
38 373
38 384
38 385
39 172
39 221
39 337
39 348
40 205
40 288
40 321
40 340
40 385
41 75
41 79
41 88
41 189
41 247
41 263
41 306
41 331
41 379
41 397
42 120
42 160
42 166
42 203
42 285
42 328
42 371
43 44
43 100
43 243
43 295
43 307
43 308
43 395
44 85
44 90
44 157
44 211
44 279
44 341
45 47
45 48
45 58
45 85
45 119
45 163
45 186
45 218
45 244
45 296
45 340
45 364
46 85
46 113
46 136
46 149
46 151
46 276
46 277
46 287
47 139
47 171
47 245
47 265
47 350
48 52
48 76
48 99
48 132
48 184
48 211
48 228
48 285
48 334
48 364
48 365
48 385
49 50
49 83
49 120
49 143
49 324
49 362
49 397
50 112
50 161
50 188
50 209
50 216
50 222
50 228
50 229
50 285
50 305
50 352
50 383
51 144
51 168
51 248
51 270
51 347
51 356
52 53
52 214
52 257
53 94
53 137
53 215
53 288
53 299
53 320
54 55
54 208
54 219
54 269
54 286
54 400
55 82
55 128
55 228
55 250
55 362
56 123
56 139
56 144
56 189
56 200
56 215
56 229
57 58
57 126
57 145
57 150
57 244
57 381
58 62
58 99
58 142
58 247
58 275
58 392
59 60
59 217
59 220
59 268
59 336
59 350
60 70
60 86
60 199
60 211
60 241
60 252
60 323
61 231
61 296
61 332
62 91
62 136
62 145
62 193
62 205
62 221
62 222
62 230
62 239
62 297
62 305
62 327
63 153
63 205
63 244
63 256
63 276
63 336
63 361
63 387
64 112
64 148
64 155
64 168
64 171
64 198
64 199
64 204
64 211
64 269
64 357
64 388
65 185
65 222
65 253
65 262
66 154
66 224
66 355
66 356
67 103
67 104
67 127
67 242
67 364
68 69
68 81
68 151
68 247
68 276
68 292
68 318
68 344
69 342
69 355
69 358
70 78
70 173
70 298
70 361
70 373
71 146
71 200
71 201
71 266
71 333
71 344
72 148
72 227
73 186
73 199
73 230
73 250
73 261
73 346
73 391
74 229
74 250
74 287
74 314
74 354
75 195
75 272
75 277
75 338
75 358
75 399
76 196
76 267
76 368
77 97
77 131
77 222
77 242
77 255
77 302
77 315
77 321
77 355
77 358
78 97
78 135
78 164
78 191
78 389
79 81
79 105
79 152
79 291
79 347
80 105
80 106
80 180
80 188
80 193
80 194
81 112
81 118
81 160
81 175
81 258
81 346
82 83
82 112
82 272
82 279
82 297
82 359
83 88
83 133
83 251
83 266
83 301
83 302
83 304
83 398
84 90
84 228
84 232
84 257
84 270
84 277
85 93
85 96
85 119
85 245
85 309
85 350
85 369
85 385
86 112
86 165
86 254
86 287
86 387
87 109
87 155
87 165
87 226
87 249
87 347
87 388
88 148
88 265
88 297
88 309
89 93
89 141
89 261
89 334
89 373
89 400
90 256
90 268
90 321
90 362
90 370
91 124
91 134
91 372
92 182
92 245
92 250
92 326
92 328
93 106
93 166
93 285
93 291
93 292
93 334
93 338
93 341
93 349
93 370
94 99
94 108
94 126
94 127
94 281
94 326
94 339
94 360
94 362
94 365
94 394
95 115
95 121
95 130
95 135
95 249
95 285
95 398
96 97
96 105
96 130
96 154
96 166
96 170
96 186
96 194
96 216
96 246
96 251
96 332
96 355
96 366
96 395
97 99
97 100
97 133
97 176
97 232
97 255
98 127
98 173
98 223
98 307
98 315
98 377
98 393
99 101
99 123
99 180
99 293
99 390
100 182
100 262
100 271
100 318
101 120
101 240
101 373
101 378
102 103
102 110
102 210
102 223
102 235
102 256
102 282
102 383
103 151
103 165
103 242
103 359
103 370
104 123
104 216
104 218
104 254
104 328
105 134
105 168
105 188
105 334
106 107
106 125
106 351
106 363
107 130
107 139
107 149
107 171
107 372
107 375
108 155
108 177
108 247
108 302
108 366
109 113
109 191
109 196
109 218
109 226
109 227
109 234
109 378
109 384
110 195
110 313
110 323
111 150
111 153
111 357
111 369
112 113
112 122
112 175
112 285
113 304
113 371
113 390
114 157
114 174
114 239
114 397
115 152
115 160
115 217
115 311
115 341
115 351
115 380
115 394
115 397
116 117
116 130
116 148
116 188
116 196
116 276
116 327
116 364
116 396
117 210
117 235
117 292
117 314
118 119
118 189
118 229
118 275
118 341
119 153
119 179
119 246
119 322
119 359
119 370
120 122
120 174
120 246
121 207
121 240
121 246
121 254
121 372
122 215
122 289
122 297
122 302
122 343
122 398
123 216
123 233
123 260
123 297
123 335
123 359
123 368
123 395
124 147
124 163
124 320
125 157
125 177
125 184
125 281
125 282
125 313
125 330
125 352
125 369
126 127
126 131
126 167
126 239
126 329
126 362
127 226
127 231
127 250
127 300
128 131
128 148
128 259
128 267
129 156
129 161
129 200
129 260
129 285
129 325
129 351
129 358
129 376
130 192
130 217
130 296
131 257
131 389
132 133
132 139
132 180
132 300
132 310
132 393
133 134
133 136
133 164
133 228
133 243
133 302
133 356
134 150
134 192
134 209
134 244
134 389
135 156
135 209
135 223
135 269
135 355
136 172
136 371
137 143
137 321
137 343
137 373
137 388
138 140
138 168
138 182
138 379
139 143
139 157
139 208
139 268
139 289
140 264
140 351
140 395
141 166
141 236
141 245
141 297
141 306
141 314
141 359
141 391
141 392
142 169
142 255
142 277
142 328
142 340
143 149
143 233
143 237
143 271
143 315
143 346
143 369
144 145
144 167
144 182
144 311
145 277
145 370
146 147
146 187
146 288
146 331
146 344
147 153
147 258
147 296
147 312
148 196
148 236
148 255
149 169
149 249
149 269
149 275
149 284
149 303
149 336
149 373
150 165
150 181
150 252
150 267
150 376
150 377
151 152
151 157
151 185
151 251
151 391
152 205
152 247
152 274
152 283
152 352
153 180
153 216
153 221
153 342
153 367
154 156
154 160
154 183
154 306
155 173
155 188
155 328
155 389
156 190
156 209
156 212
156 215
156 341
157 263
157 268
157 399
158 276
159 193
159 241
159 255
159 256
159 316
159 361
160 165
160 283
160 357
161 164
161 172
161 269
161 314
161 379
161 400
162 164
162 322
162 349
163 276
163 293
163 342
164 183
164 190
164 237
164 240
165 240
165 319
165 363
166 168
166 274
166 303
166 367
166 386
166 394
167 169
167 171
167 176
167 198
167 263
167 293
167 309
168 231
168 322
168 362
169 185
169 198
169 213
169 224
169 296
169 343
169 381
169 386
170 190
170 198
170 205
170 290
170 342
170 355
170 363
170 364
171 173
171 235
171 271
171 288
171 338
172 194
172 233
172 289
172 358
172 391
173 183
173 270
173 271
173 296
173 298
173 393
174 197
174 224
175 210
175 284
175 303
176 181
176 261
176 276
177 190
177 225
177 393
178 269
178 279
178 323
178 390
179 189
180 265
180 327
180 330
180 377
181 223
181 241
181 344
181 387
182 185
182 187
182 216
182 218
182 338
182 377
183 264
183 348
183 364
184 230
184 285
184 291
184 300
185 189
185 193
185 202
185 212
185 243
185 254
185 307
185 380
186 210
186 390
187 189
187 239
187 254
187 309
188 305
189 222
189 238
189 330
189 332
190 191
190 217
190 224
190 236
190 240
190 270
190 300
190 374
191 273
191 274
191 385
192 307
192 357
193 219
193 229
193 251
193 393
194 195
194 208
194 251
194 337
194 347
194 361
194 397
195 248
195 278
196 210
196 384
197 198
197 286
197 312
197 332
197 373
197 381
197 394
198 334
198 350
199 200
199 218
199 264
199 322
199 360
200 260
200 281
200 319
200 328
200 395
201 202
201 224
201 252
201 254
201 261
201 274
201 292
201 310
201 313
202 335
202 336
203 250
203 253
203 342
204 205
204 219
204 225
204 269
205 378
206 305
206 392
207 209
207 233
207 387
207 398
208 224
208 237
208 246
208 254
208 272
208 397
209 210
209 377
209 385
209 389
210 211
210 294
210 319
210 331
211 290
211 314
211 332
211 339
211 381
212 213
212 269
212 307
212 318
212 339
212 354
212 363
213 215
213 376
214 245
214 292
214 381
214 383
214 397
215 243
215 334
216 217
216 297
216 386
216 398
217 248
217 270
217 275
217 326
217 376
218 244
218 333
219 228
219 282
219 293
220 223
220 251
220 259
220 260
220 358
221 263
221 294
222 223
222 226
222 339
222 376
223 242
223 318
223 328
224 225
224 254
224 317
224 392
225 276
225 297
225 304
225 359
226 227
226 263
226 269
226 369
227 299
227 302
227 329
228 263
228 272
229 234
229 251
229 264
229 339
229 392
230 296
230 305
230 331
230 348
230 389
231 270
231 323
231 336
233 284
233 300
233 319
233 326
233 348
233 364
234 357
234 370
235 236
235 254
235 288
235 294
235 308
235 341
236 241
236 249
236 255
236 283
236 292
236 366
237 238
237 258
237 333
237 342
237 359
238 276
238 362
239 240
239 292
239 307
239 316
239 348
239 372
239 395
240 244
240 289
240 390
241 242
241 289
241 379
242 324
242 330
242 347
242 375
243 244
243 321
243 339
244 275
244 300
245 249
245 255
245 303
245 331
245 388
246 254
246 279
246 301
246 307
247 368
248 273
248 290
248 366
248 392
249 282
249 355
249 373
249 378
249 395
250 333
250 361
250 386
251 253
251 350
252 355
253 278
253 341
253 379
254 276
255 354
255 374
256 274
256 276
256 303
256 393
256 396
257 320
257 373
257 380
258 261
258 302
258 327
258 388
259 269
259 283
259 330
259 349
259 354
259 378
260 280
260 292
260 332
260 399
261 300
261 351
262 263
262 299
262 329
262 339
263 286
263 377
265 267
265 283
265 338
265 339
265 344
265 354
265 385
265 397
266 269
266 345
266 355
267 318
267 398
268 269
268 334
269 316
269 322
269 334
269 355
269 365
270 271
270 281
270 313
271 398
272 296
272 380
272 381
272 388
273 314
273 319
273 346
273 367
274 296
274 305
274 363
275 278
275 357
275 375
275 392
276 309
277 333
278 329
278 360
279 286
279 307
279 328
279 351
279 352
279 356
281 318
281 323
281 335
281 350
281 355
281 373
282 287
282 305
282 335
282 387
283 371
284 392
285 288
285 347
285 394
286 293
286 331
286 352
287 289
287 348
287 400
288 394
288 397
289 300
289 342
289 367
290 311
290 377
290 379
291 293
291 295
292 311
292 326
293 387
294 295
294 313
294 354
295 359
295 369
295 370
296 298
296 329
296 332
296 370
299 300
299 313
299 397
300 325
300 365
301 348
301 359
302 304
302 339
302 391
303 338
303 350
303 399
305 349
305 360
305 378
306 307
306 329
306 336
306 348
307 346
307 382
308 309
308 333
308 368
309 344
309 355
310 312
310 329
312 374
314 317
316 321
317 345
318 320
318 328
318 376
318 387
319 380
321 360
322 326
323 369
324 327
324 385
325 372
325 387
327 378
328 355
328 361
329 332
329 369
329 383
330 335
332 354
332 396
334 335
334 345
335 386
335 400
336 337
336 345
337 338
337 391
338 370
339 340
341 345
341 378
342 387
343 355
345 363
345 379
345 382
346 350
346 391
347 353
347 357
347 361
348 352
348 359
349 362
349 365
349 366
349 376
350 372
352 353
354 355
354 390
354 394
355 387
356 376
357 359
357 389
358 372
359 394
360 363
361 364
361 369
364 383
364 391
365 381
366 368
366 372
369 389
371 372
372 390
374 375
376 377
376 381
378 381
378 383
379 391
381 383
382 383
384 385
387 392
390 396
394 395
396 397
397 399
398 399
