450
2117
1 8
1 18
1 38
1 50
1 203
1 229
1 298
1 327
1 353
1 362
1 431
1 438
2 243
2 260
2 269
2 399
2 408
2 422
3 324
3 341
4 31
4 109
4 140
4 224
4 282
4 384
4 395
4 435
5 58
5 67
5 177
5 224
5 258
5 265
5 269
5 300
5 351
5 426
6 20
6 225
6 261
6 297
6 314
6 413
7 8
7 23
7 33
7 192
7 229
7 265
8 29
8 112
8 213
8 262
8 337
8 391
9 11
9 25
9 61
9 147
9 196
9 197
9 322
9 353
9 370
9 381
9 395
9 448
10 11
10 28
10 37
10 84
10 90
10 107
10 116
10 200
10 267
10 285
10 297
10 328
10 398
10 418
11 95
11 120
11 143
11 248
11 312
11 425
11 426
11 441
12 13
12 14
12 70
12 176
12 220
12 240
12 259
12 266
12 378
12 432
13 54
13 65
13 186
13 203
13 221
13 245
13 389
14 66
14 135
14 261
14 281
14 439
15 16
15 31
15 49
15 227
15 233
15 268
15 386
15 441
16 89
16 139
16 172
16 219
16 222
16 241
16 272
16 291
16 298
16 339
16 383
17 30
17 183
17 186
17 224
17 246
17 252
17 272
17 276
17 290
17 296
17 359
17 383
18 67
18 110
18 205
18 244
18 298
18 377
18 449
19 88
19 107
19 239
19 374
19 391
19 450
20 36
20 118
20 154
20 186
20 379
20 426
20 445
21 22
21 47
21 67
21 71
21 145
21 380
21 398
21 426
22 39
22 106
22 135
22 155
22 157
22 208
22 255
22 293
22 297
22 313
22 348
22 385
22 439
23 73
23 78
23 205
23 217
23 274
23 311
23 359
23 363
23 414
24 88
24 111
24 148
24 205
24 344
24 364
24 387
24 415
25 26
25 48
25 69
25 95
25 126
25 133
25 138
25 154
25 384
26 78
26 84
26 111
26 130
26 191
26 230
26 272
27 83
27 99
27 124
27 158
27 165
27 175
27 192
27 274
27 331
27 350
27 369
27 414
28 30
28 113
28 114
28 128
28 193
28 204
28 212
28 224
28 285
29 102
29 152
29 156
29 303
29 312
29 341
29 391
29 398
29 428
30 78
30 90
30 102
30 120
30 168
30 187
30 254
30 284
30 300
30 369
30 411
30 425
31 33
31 50
31 71
31 99
31 195
31 209
31 230
31 293
31 371
31 430
32 73
32 129
32 162
32 211
32 231
32 284
32 291
32 334
32 395
32 409
33 47
33 84
33 213
33 305
33 316
33 328
34 35
34 45
34 112
34 139
34 175
34 209
34 210
34 214
34 360
34 411
35 36
35 65
35 66
35 220
35 236
35 288
35 327
35 346
35 363
36 42
36 115
36 136
36 147
36 259
36 291
36 345
36 346
36 377
36 413
37 40
37 210
37 246
37 402
37 417
38 78
38 151
38 159
38 165
38 179
38 198
38 221
38 242
38 258
38 279
38 292
38 342
38 372
38 392
38 407
39 81
39 102
39 112
39 135
39 146
39 182
39 219
39 330
39 347
39 370
39 420
39 427
39 447
40 124
40 128
40 188
40 260
40 343
40 371
40 383
40 435
40 436
41 43
41 48
41 98
41 148
41 163
41 169
41 173
41 190
41 213
41 262
41 307
41 371
41 381
41 431
42 46
42 99
42 100
42 153
42 154
42 220
42 299
43 129
43 175
43 226
43 297
43 333
43 385
43 386
43 428
43 447
44 52
44 115
44 214
44 290
44 355
44 382
45 46
45 156
45 216
45 264
45 321
45 374
45 444
46 254
46 356
46 385
46 386
46 415
46 429
47 49
47 79
47 85
47 122
47 151
47 231
47 299
47 308
47 411
47 444
48 67
48 76
48 94
48 177
48 259
48 289
48 302
48 371
48 379
48 389
49 80
49 93
49 135
49 148
49 173
49 257
49 309
49 322
49 367
49 436
50 52
50 83
50 124
50 182
50 191
50 283
50 313
50 320
50 342
50 402
51 137
51 236
51 240
51 296
51 302
51 333
51 334
51 336
51 391
51 396
52 110
52 287
52 299
52 374
52 382
52 445
53 54
53 99
53 173
53 197
53 275
53 307
54 77
54 87
54 88
54 114
54 118
54 124
54 162
54 208
54 240
54 276
54 301
54 398
55 58
55 152
55 153
55 215
55 270
55 295
55 312
55 356
56 61
56 243
56 246
56 303
56 327
56 340
56 344
56 359
56 371
56 415
57 87
57 115
57 118
57 172
57 183
57 216
57 274
57 354
58 79
58 84
58 142
58 160
58 173
58 177
58 252
58 310
58 369
58 380
58 406
58 432
59 60
59 127
59 177
59 198
59 216
59 261
59 335
59 353
59 389
59 443
60 96
60 122
60 186
60 187
60 191
60 239
60 256
60 316
60 404
61 62
61 104
61 159
61 180
61 190
61 207
61 212
61 218
61 227
61 241
61 256
61 317
61 378
61 394
61 403
61 426
62 118
62 148
62 186
62 241
62 258
62 284
62 396
63 86
63 150
63 155
63 165
63 205
63 277
63 305
63 328
63 335
63 363
64 65
64 429
65 90
65 150
65 178
65 208
65 229
66 67
66 78
66 109
66 223
66 248
66 329
66 338
66 409
66 413
66 433
67 80
67 120
67 141
67 185
67 294
67 314
67 351
67 364
67 412
67 419
67 427
67 431
67 445
68 71
68 146
68 159
68 160
68 229
68 390
68 403
68 408
69 112
69 133
69 232
70 109
70 118
70 121
70 172
70 238
71 163
71 178
71 214
71 281
71 303
71 328
71 418
71 433
71 450
72 74
72 90
72 107
72 164
72 232
72 248
72 329
72 330
72 362
72 378
73 124
73 133
73 261
73 349
73 361
73 385
73 404
73 411
73 437
73 445
74 199
74 200
74 208
74 210
74 283
74 371
74 392
75 131
75 164
75 178
75 230
75 260
75 272
75 354
75 387
75 389
75 393
76 77
76 96
76 97
76 127
76 223
76 238
76 303
76 368
76 396
77 122
77 165
77 167
77 223
77 293
77 336
77 373
77 411
78 79
78 119
78 191
78 215
78 331
79 99
79 105
79 172
79 185
79 249
79 439
79 450
80 81
80 101
80 132
80 188
80 190
80 218
80 257
80 283
80 340
80 354
80 361
80 387
81 106
81 199
81 202
81 232
81 238
81 318
81 319
81 373
81 384
81 415
82 84
82 106
82 180
82 193
82 282
82 289
82 349
82 360
83 84
83 155
83 204
83 278
83 330
83 374
83 421
83 440
84 123
84 199
84 226
84 335
84 340
84 385
85 103
85 107
85 150
85 225
85 226
86 185
86 188
86 203
86 277
86 367
87 90
87 142
87 146
87 216
87 252
87 332
88 90
88 182
88 186
88 219
88 235
88 300
88 344
88 355
88 394
89 96
89 142
89 192
89 194
89 234
89 263
89 310
89 318
89 328
89 391
89 416
90 95
90 129
90 149
90 167
90 194
90 211
90 277
90 315
91 103
91 112
91 163
91 199
91 224
91 257
91 288
91 306
91 315
91 371
91 373
91 395
92 94
92 245
92 300
92 320
92 327
92 361
92 371
92 376
92 384
92 398
92 426
92 432
93 175
93 197
93 259
93 333
93 342
93 415
93 436
94 136
94 148
94 213
94 263
94 328
94 332
94 388
94 424
95 97
95 100
95 276
95 332
95 389
96 136
96 147
96 183
96 240
96 331
96 348
96 363
96 417
96 424
97 151
97 159
97 223
97 225
97 271
97 284
97 369
97 410
98 157
98 225
98 228
98 245
98 254
98 274
98 295
98 348
98 360
99 127
99 149
99 231
99 243
99 262
99 304
99 323
99 392
99 439
100 216
100 251
100 263
100 281
100 282
100 358
100 371
100 406
101 102
101 149
101 159
101 164
101 324
101 393
101 436
102 168
102 255
102 283
102 292
102 300
102 312
102 432
102 448
103 110
103 111
103 187
103 197
103 222
103 327
104 106
104 166
104 193
104 235
104 386
104 417
104 434
105 141
105 150
105 164
105 197
105 264
105 365
105 402
106 121
106 125
106 151
106 176
106 194
106 203
106 246
106 388
106 394
106 413
107 119
107 185
107 224
107 242
107 246
107 325
107 356
107 372
107 413
107 448
108 109
108 142
108 193
108 202
108 222
108 276
108 298
108 374
109 167
109 168
109 224
109 299
110 124
110 202
110 235
110 270
110 388
111 116
111 158
111 164
111 187
111 233
111 249
111 253
111 300
111 333
111 384
111 415
112 195
112 204
112 218
112 303
112 409
113 351
113 408
113 409
114 134
114 197
114 205
114 224
114 228
114 238
114 258
114 408
115 349
115 354
115 381
115 429
115 441
116 127
116 158
116 232
116 235
116 279
116 301
116 402
116 421
117 121
117 289
117 327
117 426
118 134
118 184
118 291
118 353
118 369
118 377
118 429
119 174
119 311
119 357
119 377
119 416
119 433
120 218
120 335
120 417
121 127
122 199
122 227
122 249
122 266
122 430
123 127
123 159
123 181
123 199
123 232
123 262
123 294
124 200
124 220
124 228
124 290
124 378
124 430
125 168
125 221
125 249
125 308
125 336
125 344
125 432
126 290
126 342
126 366
126 413
126 439
127 165
127 240
127 266
127 285
127 295
127 321
127 354
127 357
127 361
127 433
128 149
128 170
128 185
128 313
128 318
128 385
129 141
129 142
129 285
129 298
129 315
129 356
129 371
129 382
129 433
130 131
130 244
130 263
131 252
131 258
131 294
131 313
131 359
131 408
131 422
131 425
131 434
131 443
132 137
132 155
132 188
132 192
132 228
132 264
132 265
132 275
132 292
132 304
132 373
132 441
132 443
133 138
133 205
133 294
133 318
133 366
133 377
133 394
134 432
134 443
135 167
135 239
135 268
135 369
135 434
135 438
136 223
136 386
136 387
137 227
137 257
137 258
137 287
137 295
137 348
137 358
137 369
138 175
138 238
138 249
138 253
138 254
138 303
138 348
138 445
139 141
139 198
139 256
139 263
139 288
139 345
139 353
139 372
139 378
139 443
140 171
140 182
140 252
140 284
140 306
140 407
140 435
141 309
141 393
142 143
142 174
142 290
142 363
142 410
143 144
143 160
143 217
143 373
144 330
144 337
144 345
144 418
144 429
145 173
145 189
145 224
145 233
145 289
145 336
145 337
146 182
146 192
146 199
146 272
146 286
146 428
146 439
147 213
147 216
147 434
148 149
148 238
148 250
148 270
148 287
148 328
148 386
149 271
149 292
149 448
150 167
150 168
150 350
150 366
151 180
151 199
151 230
151 292
151 309
151 352
151 386
151 427
152 231
152 264
152 265
152 277
152 300
152 333
152 344
152 427
153 220
153 221
153 226
153 268
153 290
153 377
153 383
153 400
154 155
154 176
154 199
154 230
154 255
155 199
155 259
155 344
156 158
156 159
156 171
156 223
156 232
156 236
156 262
156 268
156 324
156 366
157 323
157 341
157 384
157 417
158 204
158 241
158 287
158 365
159 191
159 203
159 261
159 278
159 282
159 339
159 375
159 428
159 443
160 162
160 314
160 316
160 353
160 373
161 164
161 172
161 229
161 261
161 325
161 381
162 172
162 197
162 216
162 274
162 324
162 350
162 412
162 418
162 445
163 231
163 241
163 288
163 297
163 307
163 313
163 315
163 340
163 391
163 396
163 436
164 165
164 335
165 168
165 212
165 248
165 299
165 365
165 382
166 248
166 283
166 286
166 301
166 400
167 240
167 285
167 296
167 333
167 339
168 170
168 248
168 279
168 288
168 300
168 332
169 286
169 354
169 369
169 394
169 449
170 213
170 225
170 294
170 321
170 369
170 378
170 398
170 444
171 173
171 221
171 224
171 226
171 291
171 386
171 413
171 447
172 173
172 187
172 199
172 304
172 318
172 320
172 326
172 405
173 235
173 251
173 285
173 319
173 405
174 239
174 316
175 279
175 324
175 439
176 177
176 201
176 204
176 269
176 273
176 358
176 437
177 233
177 239
177 369
178 179
178 183
178 197
178 205
178 284
179 288
179 339
179 365
179 403
180 233
180 293
180 312
180 387
180 404
181 182
181 195
181 202
181 403
181 409
182 241
182 248
182 279
182 376
183 228
183 256
183 310
183 346
183 381
183 385
184 222
184 239
184 269
184 293
184 341
184 343
184 387
184 413
184 431
185 186
185 240
185 290
185 291
185 323
185 335
185 350
185 402
185 405
185 424
185 431
186 207
186 263
186 353
186 427
186 432
187 231
187 248
187 252
187 297
187 310
187 327
187 396
188 189
188 206
188 224
188 296
188 315
188 361
188 373
188 388
189 330
189 334
189 360
189 425
190 191
190 193
190 222
190 227
190 305
190 369
190 388
190 408
190 431
191 258
191 321
192 248
192 260
192 343
192 357
192 362
193 218
193 283
193 398
193 432
193 433
194 297
194 325
194 370
194 382
194 399
195 257
195 286
195 303
196 198
196 223
196 242
196 247
196 329
197 250
197 271
197 278
197 282
197 348
197 363
198 344
198 434
199 204
199 212
199 224
199 253
199 266
199 292
199 345
200 250
200 310
200 347
201 273
201 393
201 398
201 411
201 439
202 259
202 376
203 261
203 289
203 299
203 404
203 420
204 237
204 264
204 309
204 352
204 393
204 397
205 216
205 330
205 337
205 345
205 356
205 425
205 440
206 207
206 241
206 285
206 290
206 311
206 370
206 388
207 214
207 219
207 250
207 285
207 408
208 210
208 238
208 243
208 249
208 359
208 381
208 383
208 449
209 365
209 386
210 230
210 252
210 329
210 336
210 351
210 373
211 239
211 294
211 382
211 391
212 213
212 235
212 263
212 293
212 300
212 375
213 260
213 286
213 291
213 343
213 429
214 216
214 277
215 262
215 268
215 345
215 359
216 277
216 308
216 420
217 233
217 269
217 307
217 314
217 393
217 408
218 219
218 225
218 267
218 288
218 306
218 311
218 313
218 402
218 434
219 278
219 287
219 340
219 402
219 415
220 221
220 312
220 395
221 268
221 300
221 343
221 371
221 431
221 432
222 223
222 336
222 348
222 392
222 436
224 225
224 250
224 286
224 334
224 363
224 384
224 395
224 428
225 256
225 298
225 336
226 231
226 363
226 406
227 233
227 284
227 361
227 403
227 412
228 292
228 374
228 435
229 267
229 294
229 299
230 254
230 286
230 384
230 400
231 279
231 325
231 398
232 413
232 414
232 420
232 424
232 437
232 445
233 284
233 330
233 332
233 351
233 432
234 236
234 239
234 244
234 260
234 261
235 246
235 423
236 258
236 290
236 312
236 374
237 239
237 289
237 400
237 401
237 413
238 240
238 310
238 311
238 338
238 347
238 352
238 372
239 249
239 304
239 309
239 355
239 363
239 408
239 415
239 423
239 440
240 254
240 269
240 298
240 360
240 404
240 430
241 243
241 272
241 273
241 274
241 441
242 246
242 294
242 296
242 306
242 353
242 380
242 390
242 402
242 448
243 274
243 356
243 371
243 408
243 435
244 271
244 287
244 429
245 274
245 300
245 329
245 375
245 397
245 401
245 410
246 284
246 311
246 369
247 248
247 414
247 421
247 430
247 432
248 253
248 259
248 275
248 276
248 303
248 317
248 408
248 431
249 258
249 286
249 430
250 305
250 332
250 440
251 331
251 411
252 303
252 395
252 420
253 273
253 375
254 257
254 258
255 302
255 330
255 359
255 389
255 418
256 265
256 289
256 317
256 336
256 435
257 277
257 289
257 343
257 373
257 400
257 438
258 260
258 271
258 305
258 439
259 406
260 268
260 291
260 376
260 404
260 445
261 357
261 439
262 294
262 324
262 371
262 375
263 264
263 267
263 346
263 358
263 361
263 372
263 390
263 396
263 398
263 430
263 437
264 265
264 286
264 305
264 324
264 325
264 344
264 391
264 450
265 266
265 267
265 341
265 363
266 278
266 291
266 352
266 399
266 435
267 334
267 413
267 438
268 393
268 408
268 418
269 274
269 344
269 416
269 430
270 329
270 367
270 437
271 279
271 329
271 345
271 359
271 365
272 274
272 338
272 419
272 433
273 337
273 378
273 387
273 449
274 305
274 445
275 304
276 280
276 335
276 342
277 279
277 340
277 354
277 415
277 443
278 439
279 285
279 348
280 284
280 292
280 309
280 340
280 450
281 296
281 337
281 399
281 410
281 419
282 283
282 334
282 401
283 289
283 345
283 390
283 403
283 422
284 337
284 338
284 356
284 422
285 287
285 317
285 406
285 413
285 443
286 348
286 379
286 440
287 307
287 308
287 310
287 314
287 425
288 292
289 347
289 348
289 395
290 317
290 400
290 450
291 410
292 316
292 417
292 426
293 294
293 386
294 306
294 307
294 315
294 441
295 348
295 375
296 360
296 417
297 400
298 343
298 421
298 431
299 411
299 430
299 438
300 301
300 394
300 447
302 304
303 304
303 423
303 441
304 341
304 370
304 394
304 395
304 406
305 306
306 354
306 405
307 309
307 319
307 328
307 411
308 362
308 445
309 411
310 311
310 312
310 406
310 409
310 428
311 430
312 316
312 381
313 350
313 367
314 315
314 338
314 353
315 317
315 336
315 389
316 319
316 323
316 343
316 376
318 398
318 399
318 421
319 367
319 384
320 325
320 382
320 387
321 349
321 417
322 372
322 395
322 407
322 421
323 336
323 367
323 407
323 432
324 396
324 408
324 433
326 327
327 386
327 425
328 329
328 347
328 368
328 429
328 436
328 441
329 342
329 346
329 366
329 393
330 331
330 361
330 380
330 407
331 393
332 390
332 396
332 409
332 431
333 357
333 380
335 370
335 386
335 426
337 386
337 405
337 431
338 339
339 350
339 372
339 448
340 342
340 369
340 377
341 367
341 447
342 358
343 344
343 420
344 366
344 414
345 347
345 436
346 354
346 380
346 397
346 410
346 436
348 353
349 391
349 425
350 353
350 429
351 398
351 434
351 442
352 355
352 363
352 388
352 393
353 366
353 427
353 450
354 439
355 367
355 388
356 357
357 383
357 442
358 360
358 405
358 426
360 390
361 376
361 385
362 363
362 369
362 436
362 443
364 365
364 398
364 418
364 431
365 366
365 376
365 420
366 367
366 394
367 446
368 378
368 394
368 396
368 444
370 409
370 437
371 386
372 373
372 416
372 448
373 397
373 442
374 420
374 424
374 431
375 428
375 441
376 436
377 378
378 428
379 380
380 381
382 385
384 437
385 412
388 390
388 398
388 406
388 429
389 424
390 448
391 392
392 411
392 413
392 450
393 394
393 412
393 433
393 439
395 423
395 430
396 397
397 406
398 399
398 405
398 432
398 438
400 401
404 405
404 413
405 437
405 440
406 407
406 408
406 445
409 410
409 413
410 415
411 412
413 425
414 419
416 424
416 447
418 430
419 446
419 448
420 426
420 438
421 422
421 450
422 441
424 425
425 426
425 450
431 432
433 434
435 436
438 448
439 442
439 443
439 444
444 445
