500
5114
1 43
1 57
1 68
1 90
1 114
1 123
1 128
1 143
1 243
1 260
1 273
1 284
1 336
1 339
1 350
1 443
2 34
2 63
2 91
2 102
2 111
2 231
2 256
2 285
2 328
2 427
2 432
2 441
2 462
2 464
2 475
2 476
3 5
3 29
3 31
3 79
3 96
3 104
3 141
3 154
3 158
3 164
3 166
3 195
3 273
3 291
3 340
3 353
3 360
3 372
3 376
3 402
3 404
3 474
4 29
4 31
4 62
4 157
4 162
4 191
4 198
4 203
4 205
4 242
4 256
4 288
4 302
4 306
4 359
4 376
4 382
4 472
4 484
4 487
5 6
5 9
5 12
5 44
5 85
5 90
5 161
5 166
5 190
5 206
5 258
5 278
5 281
5 282
5 301
5 312
5 337
5 366
5 376
5 392
5 396
5 411
5 415
5 420
5 443
5 459
5 462
6 11
6 57
6 107
6 153
6 181
6 205
6 224
6 250
6 253
6 264
6 281
6 321
6 379
6 383
6 385
6 396
6 401
6 419
6 428
6 460
6 476
6 485
6 494
6 496
6 500
7 33
7 62
7 66
7 75
7 123
7 147
7 152
7 168
7 182
7 199
7 210
7 231
7 247
7 314
7 327
7 330
7 342
7 347
7 358
7 367
7 370
7 374
7 435
7 459
7 467
7 493
8 59
8 185
8 203
8 204
8 229
8 234
8 259
8 277
8 317
8 328
8 336
8 391
8 415
8 487
9 14
9 46
9 59
9 78
9 120
9 149
9 199
9 220
9 226
9 241
9 245
9 259
9 262
9 278
9 320
9 338
9 361
9 394
9 430
9 463
9 475
10 76
10 135
10 172
10 200
10 217
10 242
10 249
10 298
10 318
10 329
10 346
10 348
10 364
10 393
10 396
10 400
11 37
11 41
11 64
11 106
11 112
11 118
11 133
11 162
11 169
11 171
11 178
11 189
11 197
11 213
11 272
11 293
11 335
11 339
11 340
11 349
11 365
11 397
11 405
11 414
11 428
11 429
11 442
11 490
11 492
12 49
12 102
12 105
12 106
12 108
12 248
12 254
12 269
12 301
12 309
12 319
12 351
12 370
12 377
12 385
12 400
12 426
12 429
12 443
12 453
12 470
13 28
13 38
13 84
13 89
13 153
13 183
13 200
13 204
13 255
13 319
13 340
13 363
13 418
13 451
13 460
13 482
14 31
14 62
14 77
14 97
14 108
14 122
14 168
14 211
14 214
14 217
14 244
14 260
14 277
14 295
14 329
14 343
14 352
14 368
14 376
14 409
14 423
14 458
14 497
15 21
15 32
15 34
15 65
15 72
15 77
15 115
15 134
15 140
15 148
15 159
15 160
15 164
15 166
15 195
15 268
15 298
15 309
15 312
15 314
15 334
15 343
15 389
15 414
15 440
15 448
15 460
15 461
15 467
15 470
16 18
16 50
16 158
16 218
16 239
16 277
16 280
16 313
16 322
16 396
17 59
17 69
17 104
17 124
17 129
17 201
17 204
17 232
17 294
17 342
17 353
17 381
17 428
17 435
17 489
17 492
18 69
18 122
18 169
18 217
18 252
18 280
18 290
18 296
18 318
18 321
18 323
18 337
18 388
18 412
18 497
19 104
19 116
19 153
19 169
19 201
19 208
19 209
19 233
19 244
19 255
19 260
19 269
19 308
19 331
19 343
19 402
19 411
19 432
19 488
19 497
20 35
20 103
20 110
20 186
20 197
20 215
20 236
20 284
20 292
20 295
20 302
20 324
20 328
20 333
20 338
20 420
20 482
20 487
21 50
21 99
21 114
21 126
21 127
21 138
21 230
21 268
21 301
21 318
21 355
21 392
21 432
22 25
22 47
22 58
22 65
22 79
22 127
22 170
22 173
22 188
22 237
22 283
22 293
22 413
22 449
22 455
22 465
23 94
23 137
23 149
23 163
23 173
23 214
23 270
23 280
23 351
23 360
23 383
23 429
23 436
23 475
23 480
23 484
24 41
24 62
24 63
24 72
24 120
24 164
24 184
24 233
24 239
24 240
24 276
24 281
24 292
24 348
24 391
24 461
24 485
24 496
25 75
25 79
25 152
25 172
25 173
25 198
25 216
25 243
25 260
25 307
25 309
25 330
25 344
25 361
25 364
25 400
25 417
25 438
25 460
25 462
25 497
26 27
26 50
26 56
26 71
26 73
26 103
26 109
26 121
26 173
26 174
26 191
26 204
26 214
26 221
26 222
26 225
26 233
26 237
26 259
26 267
26 279
26 327
26 366
26 372
26 377
26 416
26 462
26 465
27 28
27 74
27 123
27 145
27 157
27 160
27 163
27 214
27 276
27 329
27 338
27 365
27 374
27 422
27 424
27 429
27 449
27 457
27 489
28 71
28 99
28 134
28 162
28 166
28 172
28 184
28 206
28 222
28 250
28 255
28 272
28 295
28 329
28 345
28 375
28 386
28 400
28 417
28 444
28 448
28 474
28 486
28 499
29 95
29 141
29 145
29 164
29 196
29 209
29 236
29 242
29 251
29 259
29 281
29 296
29 319
29 331
29 343
29 390
29 404
29 412
29 438
29 460
29 477
29 478
29 484
29 495
30 31
30 48
30 54
30 105
30 126
30 128
30 142
30 163
30 179
30 182
30 203
30 220
30 254
30 278
30 299
30 302
30 321
30 323
30 359
30 366
30 376
30 412
30 414
30 421
31 36
31 54
31 57
31 71
31 86
31 119
31 129
31 132
31 157
31 193
31 219
31 224
31 252
31 256
31 318
31 344
31 373
31 388
31 392
31 396
31 410
31 490
32 42
32 44
32 107
32 130
32 166
32 185
32 190
32 193
32 251
32 259
32 286
32 288
32 304
32 329
32 334
32 347
32 375
32 388
32 391
32 427
32 428
32 470
32 495
33 64
33 65
33 69
33 89
33 92
33 128
33 161
33 190
33 218
33 240
33 273
33 314
33 343
33 344
33 377
33 420
33 461
34 37
34 81
34 140
34 163
34 248
34 319
34 360
34 377
34 444
34 462
34 464
34 467
34 477
34 486
35 37
35 99
35 145
35 204
35 254
35 261
35 264
35 300
35 323
35 324
35 325
35 332
35 374
35 469
35 477
36 52
36 77
36 101
36 126
36 138
36 153
36 170
36 200
36 204
36 283
36 369
36 372
36 380
36 400
36 421
37 56
37 106
37 120
37 121
37 134
37 176
37 178
37 215
37 259
37 287
37 296
37 305
37 311
37 354
37 362
37 395
37 405
37 448
37 492
38 39
38 73
38 91
38 103
38 118
38 138
38 157
38 160
38 191
38 197
38 221
38 227
38 231
38 257
38 270
38 294
38 313
38 352
38 356
38 361
38 433
38 457
38 493
39 48
39 71
39 95
39 99
39 116
39 134
39 148
39 176
39 227
39 235
39 244
39 251
39 290
39 305
39 313
39 372
39 401
39 417
39 429
39 444
39 482
40 41
40 61
40 104
40 114
40 121
40 171
40 207
40 216
40 229
40 250
40 281
40 289
40 298
40 341
40 406
40 420
40 448
40 497
41 70
41 104
41 124
41 158
41 166
41 186
41 196
41 197
41 217
41 265
41 329
41 337
41 404
41 422
41 462
41 478
41 492
42 46
42 67
42 94
42 106
42 111
42 141
42 159
42 204
42 206
42 222
42 232
42 238
42 242
42 255
42 263
42 292
42 301
42 321
42 332
42 342
42 385
42 414
42 420
42 423
42 436
42 449
42 451
42 475
42 496
43 68
43 98
43 109
43 128
43 143
43 156
43 220
43 231
43 252
43 318
43 321
43 329
43 367
43 376
43 395
43 409
43 495
43 496
43 500
44 66
44 84
44 90
44 113
44 207
44 230
44 295
44 321
44 356
44 372
44 412
44 431
44 456
44 483
45 127
45 149
45 168
45 202
45 245
45 258
45 414
45 428
45 446
45 460
45 490
45 493
46 63
46 66
46 71
46 74
46 79
46 87
46 98
46 102
46 168
46 179
46 194
46 196
46 261
46 262
46 263
46 282
46 286
46 330
46 342
46 355
46 358
46 366
46 384
46 428
46 483
46 500
47 71
47 72
47 99
47 130
47 162
47 169
47 190
47 198
47 201
47 236
47 262
47 282
47 300
47 306
47 323
47 350
47 353
47 355
47 363
47 366
47 367
47 371
47 404
47 431
47 441
47 478
47 485
48 49
48 81
48 83
48 92
48 147
48 166
48 173
48 183
48 209
48 237
48 267
48 298
48 379
48 382
48 383
48 444
48 453
48 461
49 58
49 78
49 119
49 139
49 143
49 155
49 163
49 166
49 240
49 271
49 360
49 371
49 372
49 398
49 441
49 471
49 473
49 477
50 51
50 92
50 144
50 155
50 189
50 224
50 229
50 259
50 341
50 428
50 475
51 59
51 87
51 106
51 108
51 111
51 118
51 141
51 213
51 225
51 244
51 262
51 333
51 446
51 472
51 496
52 53
52 82
52 114
52 119
52 127
52 201
52 205
52 315
52 343
52 384
52 448
52 463
52 499
53 74
53 126
53 149
53 192
53 227
53 277
53 285
53 325
53 328
53 360
53 386
53 396
53 399
53 401
53 420
53 447
53 461
53 466
53 469
53 494
53 499
54 61
54 69
54 103
54 120
54 137
54 165
54 242
54 254
54 263
54 273
54 292
54 319
54 363
54 391
54 473
54 496
55 56
55 68
55 97
55 117
55 119
55 151
55 161
55 168
55 172
55 182
55 201
55 205
55 240
55 268
55 271
55 273
55 320
55 327
55 373
55 382
55 417
55 431
55 441
55 466
55 469
55 489
56 121
56 128
56 164
56 168
56 181
56 201
56 229
56 232
56 273
56 285
56 296
56 427
56 429
56 458
56 463
56 464
56 469
57 60
57 81
57 140
57 158
57 198
57 202
57 224
57 228
57 233
57 255
57 282
57 302
57 341
57 398
57 461
57 463
57 492
58 97
58 164
58 179
58 203
58 231
58 265
58 284
58 300
58 319
58 349
58 390
58 403
58 426
58 450
58 494
58 500
59 60
59 62
59 78
59 81
59 100
59 107
59 111
59 116
59 124
59 126
59 144
59 181
59 196
59 198
59 222
59 223
59 267
59 298
59 304
59 307
59 337
59 392
59 400
59 420
59 440
59 455
59 478
59 483
60 69
60 78
60 89
60 193
60 206
60 209
60 225
60 255
60 278
60 284
60 308
60 312
60 324
60 343
60 356
60 380
60 389
60 401
60 411
60 415
60 422
60 434
60 458
60 474
61 63
61 113
61 122
61 151
61 172
61 227
61 239
61 241
61 272
61 350
61 366
61 390
61 404
61 409
61 431
61 433
61 481
61 489
62 77
62 84
62 110
62 121
62 127
62 141
62 157
62 193
62 194
62 233
62 236
62 245
62 248
62 257
62 266
62 340
62 345
62 368
62 370
62 383
62 421
62 434
62 450
62 475
62 476
62 477
62 485
63 71
63 104
63 120
63 147
63 161
63 190
63 210
63 223
63 263
63 276
63 289
63 320
63 327
63 333
63 337
63 339
63 383
63 385
63 392
63 407
63 416
63 419
64 102
64 139
64 150
64 155
64 163
64 196
64 213
64 227
64 318
64 400
64 419
64 425
64 435
64 436
64 473
64 483
65 66
65 154
65 159
65 170
65 191
65 286
65 302
65 305
65 307
65 309
65 310
65 333
65 366
65 386
65 388
65 399
65 452
66 105
66 121
66 140
66 144
66 201
66 207
66 213
66 227
66 236
66 240
66 242
66 254
66 258
66 304
66 340
66 345
66 360
66 376
66 377
66 379
67 68
67 85
67 112
67 157
67 236
67 260
67 269
67 288
67 310
67 426
67 431
67 491
67 494
68 113
68 147
68 204
68 217
68 227
68 337
68 408
68 431
68 436
68 442
68 479
68 484
69 114
69 131
69 165
69 190
69 249
69 275
69 307
69 352
69 389
69 408
69 476
70 71
70 72
70 88
70 105
70 115
70 161
70 173
70 197
70 217
70 248
70 310
70 340
70 350
70 357
70 358
70 359
70 362
70 380
70 427
70 462
70 487
71 72
71 75
71 111
71 117
71 119
71 122
71 141
71 180
71 214
71 238
71 243
71 276
71 283
71 309
71 340
71 341
71 369
71 384
71 426
71 498
72 103
72 122
72 159
72 181
72 188
72 204
72 211
72 286
72 297
72 320
72 340
72 342
72 343
72 353
72 386
72 400
72 401
72 425
72 453
72 457
72 483
73 74
73 105
73 144
73 171
73 178
73 190
73 200
73 216
73 228
73 243
73 277
73 301
73 341
73 372
73 394
73 428
73 430
73 476
74 118
74 191
74 194
74 221
74 222
74 264
74 281
74 421
74 441
74 468
74 474
74 485
75 137
75 148
75 226
75 233
75 255
75 257
75 305
75 332
75 392
75 449
75 459
76 151
76 162
76 165
76 188
76 246
76 279
76 286
76 289
76 303
76 306
76 329
76 345
76 349
76 355
76 417
76 464
76 496
77 138
77 140
77 156
77 187
77 227
77 230
77 232
77 255
77 297
77 316
77 318
77 328
77 375
77 407
77 411
77 447
77 450
77 466
78 82
78 103
78 153
78 154
78 308
78 317
78 352
78 357
78 360
78 436
78 449
78 485
79 107
79 119
79 129
79 216
79 221
79 227
79 252
79 265
79 403
79 412
79 422
79 438
79 445
79 499
80 90
80 146
80 184
80 189
80 224
80 243
80 256
80 284
80 291
80 301
80 404
80 423
80 440
80 445
80 462
80 464
81 96
81 197
81 239
81 248
81 254
81 290
81 322
81 359
81 369
81 379
81 406
81 414
81 434
81 449
82 90
82 158
82 189
82 217
82 226
82 240
82 270
82 293
82 341
82 347
82 350
82 363
82 404
82 414
82 445
82 462
83 85
83 111
83 148
83 154
83 159
83 171
83 193
83 218
83 237
83 242
83 279
83 298
83 313
83 352
83 363
83 379
83 384
83 411
83 412
83 432
83 484
84 144
84 167
84 187
84 201
84 220
84 223
84 232
84 257
84 270
84 289
84 305
84 351
84 363
85 124
85 125
85 132
85 136
85 138
85 150
85 169
85 243
85 244
85 246
85 287
85 293
85 313
85 337
85 346
85 385
85 396
85 401
85 426
85 435
85 443
85 446
85 489
86 88
86 90
86 96
86 114
86 135
86 155
86 163
86 174
86 178
86 188
86 193
86 205
86 248
86 264
86 300
86 316
86 333
86 346
86 365
86 373
86 415
86 462
86 476
87 91
87 96
87 98
87 109
87 113
87 137
87 141
87 149
87 161
87 216
87 237
87 260
87 329
87 333
87 340
87 355
87 420
87 423
87 427
87 490
87 493
87 495
88 91
88 101
88 129
88 141
88 160
88 256
88 279
88 299
88 309
88 478
89 136
89 147
89 190
89 223
89 242
89 247
89 248
89 263
89 297
89 322
89 333
89 334
89 350
89 370
89 390
89 470
89 496
90 99
90 142
90 179
90 190
90 233
90 259
90 263
90 294
90 299
90 356
90 363
90 375
90 385
90 422
90 457
90 477
90 481
90 486
91 93
91 140
91 170
91 175
91 242
91 244
91 248
91 351
91 361
91 462
91 464
91 471
92 95
92 142
92 149
92 154
92 171
92 179
92 206
92 210
92 282
92 336
92 354
92 356
92 366
92 386
92 398
92 418
92 420
92 426
92 444
92 492
92 496
93 109
93 134
93 140
93 148
93 159
93 226
93 245
93 256
93 261
93 275
93 276
93 332
93 343
93 348
93 351
93 382
93 387
93 431
93 436
93 476
93 484
93 485
93 490
94 96
94 101
94 108
94 197
94 213
94 285
94 288
94 290
94 320
94 362
94 396
94 413
94 438
94 439
94 442
94 444
94 461
94 469
95 170
95 183
95 210
95 220
95 229
95 245
95 265
95 327
95 363
95 384
95 430
95 456
95 471
96 115
96 116
96 140
96 142
96 173
96 175
96 186
96 188
96 197
96 203
96 213
96 215
96 232
96 255
96 266
96 269
96 289
96 322
96 335
97 103
97 118
97 153
97 159
97 162
97 198
97 229
97 301
97 317
97 320
97 331
97 370
97 378
97 410
97 424
97 457
97 499
98 136
98 140
98 196
98 285
98 300
98 326
98 333
98 356
98 365
98 386
98 490
99 123
99 137
99 143
99 146
99 159
99 192
99 194
99 198
99 207
99 214
99 223
99 265
99 279
99 296
99 414
99 420
99 452
99 462
100 115
100 121
100 148
100 210
100 224
100 280
100 313
100 336
100 342
100 353
100 368
100 392
100 425
100 444
100 499
101 104
101 140
101 145
101 169
101 194
101 232
101 254
101 299
101 319
101 374
101 449
101 462
101 485
102 112
102 114
102 125
102 145
102 178
102 201
102 218
102 270
102 274
102 312
102 336
102 361
102 415
102 466
103 113
103 126
103 157
103 164
103 185
103 208
103 210
103 242
103 323
103 338
103 365
103 371
103 438
103 440
103 467
104 105
104 120
104 136
104 146
104 153
104 154
104 192
104 201
104 228
104 240
104 243
104 247
104 249
104 281
104 316
104 332
104 340
104 376
104 424
104 444
104 472
105 106
105 136
105 199
105 215
105 271
105 343
105 354
105 428
105 451
105 460
105 473
105 499
106 128
106 142
106 155
106 164
106 202
106 204
106 209
106 241
106 245
106 247
106 251
106 333
106 372
106 409
106 419
106 480
107 124
107 133
107 177
107 210
107 236
107 259
107 296
107 319
107 322
107 324
107 332
107 335
107 426
107 437
107 448
107 460
107 461
107 490
108 109
108 122
108 164
108 169
108 188
108 209
108 213
108 229
108 343
108 347
108 372
108 384
108 393
108 427
108 435
108 454
109 119
109 154
109 206
109 210
109 278
109 314
109 318
109 378
109 392
109 432
109 445
110 142
110 166
110 212
110 265
110 272
110 303
110 331
110 380
110 443
110 462
111 129
111 147
111 168
111 178
111 198
111 209
111 216
111 233
111 277
111 290
111 319
111 330
111 335
111 358
111 370
111 390
111 409
111 427
111 454
111 480
111 482
111 488
112 116
112 131
112 152
112 195
112 212
112 218
112 231
112 261
112 264
112 267
112 274
112 288
112 291
112 313
112 315
112 329
112 334
112 340
112 424
112 426
112 498
113 145
113 165
113 171
113 196
113 202
113 216
113 222
113 250
113 302
113 327
113 410
113 431
113 442
113 444
113 445
113 446
113 466
114 190
114 231
114 234
114 236
114 294
114 331
114 351
114 363
114 364
114 398
114 414
114 467
114 500
115 126
115 143
115 159
115 207
115 217
115 242
115 253
115 305
115 322
115 334
115 374
115 380
115 419
115 446
115 449
115 476
116 149
116 166
116 193
116 199
116 202
116 206
116 213
116 219
116 352
116 369
116 407
116 423
116 432
116 442
116 457
117 118
117 127
117 140
117 198
117 250
117 297
117 329
117 330
117 353
117 355
117 356
117 366
117 394
117 397
117 422
117 431
117 442
117 450
118 170
118 210
118 225
118 280
118 299
118 357
118 368
118 381
118 395
118 397
118 431
118 486
119 121
119 153
119 156
119 166
119 178
119 248
119 283
119 365
119 367
119 383
119 402
119 409
119 413
119 469
119 476
119 492
119 493
120 137
120 243
120 272
120 298
120 321
120 349
120 375
120 377
120 481
120 482
120 485
120 488
121 159
121 187
121 204
121 341
121 353
121 356
121 385
121 388
121 394
121 396
121 428
121 446
121 460
121 494
122 124
122 131
122 197
122 234
122 271
122 286
122 294
122 324
122 370
122 386
122 403
122 408
122 416
122 436
123 125
123 175
123 204
123 240
123 270
123 295
123 323
123 416
123 434
123 452
123 473
123 488
124 147
124 204
124 226
124 239
124 243
124 262
124 285
124 293
124 306
124 319
124 324
124 337
124 350
124 365
124 410
124 445
125 149
125 154
125 183
125 192
125 201
125 218
125 236
125 257
125 278
125 284
125 298
125 319
125 339
125 348
125 362
125 374
125 422
125 470
125 479
125 491
125 496
126 130
126 148
126 185
126 200
126 202
126 204
126 260
126 331
126 333
126 337
126 354
126 363
126 382
126 414
126 434
126 479
126 495
127 129
127 158
127 171
127 184
127 189
127 192
127 202
127 276
127 290
127 294
127 314
127 321
127 334
127 339
127 342
127 365
127 389
127 418
127 446
127 463
127 468
127 483
128 163
128 176
128 181
128 195
128 200
128 209
128 260
128 289
128 297
128 310
128 343
128 401
128 426
128 488
129 130
129 131
129 175
129 205
129 216
129 217
129 227
129 239
129 270
129 296
129 365
129 398
129 412
129 431
129 438
129 490
130 170
130 182
130 197
130 265
130 280
130 285
130 307
130 322
130 329
130 344
130 352
130 399
130 418
130 425
130 437
130 468
130 476
130 477
131 199
131 209
131 217
131 244
132 133
132 175
132 197
132 236
132 254
132 267
132 280
132 281
132 310
132 351
132 369
132 380
132 386
132 440
132 463
132 470
133 148
133 155
133 178
133 255
133 313
133 345
133 354
133 384
133 398
133 405
133 418
133 421
133 465
133 471
133 497
134 138
134 159
134 196
134 212
134 224
134 236
134 255
134 345
134 353
134 384
134 393
134 417
134 420
134 424
134 453
134 456
134 482
135 136
135 140
135 177
135 251
135 262
135 272
135 297
135 330
135 456
135 472
135 484
135 486
136 183
136 194
136 230
136 237
136 256
136 257
136 262
136 281
136 331
136 384
136 385
136 388
136 393
136 394
136 395
136 451
137 138
137 139
137 142
137 149
137 189
137 240
137 245
137 248
137 363
137 432
137 446
137 477
137 481
137 490
138 173
138 268
138 279
138 314
138 344
138 359
138 372
138 388
138 409
138 460
138 476
138 487
138 492
139 140
139 161
139 171
139 215
139 234
139 270
139 284
139 324
139 325
139 376
139 392
139 400
139 412
139 420
139 443
139 472
139 497
140 151
140 170
140 186
140 187
140 230
140 243
140 247
140 309
140 369
140 379
140 402
140 405
140 406
140 440
140 464
140 482
140 489
141 143
141 146
141 159
141 168
141 171
141 175
141 237
141 258
141 263
141 276
141 277
141 386
141 420
141 459
142 213
142 237
142 240
142 284
142 311
142 312
142 329
142 339
142 360
142 371
142 377
142 392
142 448
142 449
142 500
143 173
143 203
143 207
143 249
143 306
143 390
143 455
143 457
143 490
143 496
144 156
144 191
144 223
144 282
144 306
144 310
144 380
144 422
144 478
145 219
145 265
145 279
145 408
145 423
145 454
145 479
145 493
146 171
146 185
146 200
146 214
146 215
146 244
146 311
146 322
146 385
146 455
147 149
147 203
147 216
147 244
147 250
147 290
147 297
147 319
147 340
147 373
147 400
147 410
147 419
147 421
147 449
147 452
147 477
148 182
148 249
148 271
148 314
148 337
148 359
148 367
148 389
149 158
149 192
149 193
149 195
149 221
149 263
149 290
149 376
149 391
149 396
149 413
149 445
149 451
149 456
150 152
150 206
150 216
150 258
150 419
150 452
150 472
150 478
151 157
151 170
151 180
151 182
151 190
151 194
151 243
151 341
151 343
151 361
151 370
151 402
151 404
151 458
151 459
151 471
152 164
152 176
152 198
152 201
152 239
152 240
152 262
152 269
152 332
152 367
152 378
152 389
152 393
152 478
153 164
153 260
153 274
153 278
153 292
153 342
153 377
153 417
153 442
153 460
154 178
154 200
154 212
154 234
154 239
154 286
154 288
154 294
154 324
154 352
154 374
154 386
154 435
154 450
154 456
154 470
155 159
155 185
155 186
155 196
155 252
155 255
155 256
155 283
155 285
155 351
155 388
155 421
155 427
155 455
155 496
155 500
156 247
156 264
156 280
156 355
156 374
156 403
156 451
156 498
157 206
157 234
157 281
157 299
157 310
157 314
157 320
157 337
157 443
157 457
158 273
158 278
158 309
158 357
158 366
158 424
158 487
159 173
159 200
159 201
159 208
159 274
159 294
159 304
159 327
159 332
159 339
159 376
159 378
159 400
159 413
159 435
159 471
159 488
160 161
160 169
160 172
160 176
160 193
160 225
160 233
160 236
160 291
160 294
160 315
160 424
160 430
160 445
160 458
160 463
160 469
160 475
160 483
160 497
161 169
161 199
161 222
161 260
161 265
161 313
161 330
161 332
161 381
161 382
161 401
161 421
161 432
161 444
161 456
161 474
162 163
162 167
162 181
162 188
162 230
162 260
162 307
162 309
162 335
162 388
162 389
162 405
162 432
162 437
162 461
162 487
163 178
163 259
163 265
163 276
163 300
163 302
163 370
163 381
163 471
163 476
163 494
164 189
164 204
164 247
164 257
164 281
164 299
164 309
164 329
164 358
164 362
164 376
164 377
164 379
164 400
164 419
164 452
164 453
164 492
164 493
165 167
165 184
165 197
165 239
165 271
165 277
165 316
165 400
165 419
165 440
165 486
165 490
166 177
166 183
166 185
166 193
166 212
166 272
166 301
166 319
166 320
166 347
166 384
166 398
166 464
166 466
166 485
167 170
167 249
167 267
167 271
167 276
167 281
167 291
167 302
167 326
167 327
167 406
167 424
167 472
167 476
167 492
168 169
168 188
168 193
168 222
168 227
168 228
168 244
168 245
168 300
168 306
168 341
168 354
168 375
168 380
168 392
168 415
168 437
168 480
169 203
169 205
169 211
169 234
169 270
169 285
169 293
169 328
169 336
169 370
169 401
169 438
169 440
169 478
170 171
170 210
170 228
170 233
170 244
170 263
170 273
170 283
170 284
170 290
170 306
170 326
170 357
170 358
170 390
170 471
171 212
171 220
171 229
171 245
171 249
171 264
171 306
171 346
171 426
171 473
171 488
172 268
172 297
172 301
172 309
172 335
172 351
172 399
172 443
172 452
172 496
173 176
173 179
173 190
173 243
173 281
173 356
173 361
173 368
173 371
173 377
173 384
173 409
173 442
173 464
174 175
174 194
174 213
174 237
174 251
174 264
174 276
174 282
174 293
174 306
174 307
174 331
174 345
174 372
174 404
174 435
174 448
174 471
175 194
175 198
175 212
175 233
175 236
175 328
175 336
175 339
175 340
175 359
175 370
175 393
175 412
175 418
175 460
176 194
176 199
176 206
176 235
176 272
176 286
176 318
176 320
176 362
176 402
176 414
176 431
176 447
176 475
177 179
177 209
177 241
177 278
177 281
177 292
177 315
177 333
177 352
177 379
177 420
177 432
177 433
177 445
177 490
178 206
178 237
178 246
178 254
178 272
178 338
178 411
178 458
178 484
178 494
179 182
179 214
179 219
179 222
179 228
179 282
179 284
179 295
179 322
179 328
179 338
179 379
179 474
180 197
180 280
180 282
180 402
180 414
180 463
180 465
180 472
181 260
181 264
181 267
181 277
181 392
181 434
181 441
181 443
181 454
181 476
182 203
182 230
182 234
182 253
182 285
182 292
182 361
182 370
182 412
182 450
182 488
183 191
183 225
183 246
183 279
183 299
183 335
183 345
183 388
183 493
183 494
184 187
184 203
184 240
184 276
184 298
184 313
184 325
184 328
184 338
184 348
184 388
184 423
184 481
185 203
185 204
185 205
185 222
185 250
185 258
185 265
185 296
185 303
185 317
185 348
185 356
185 364
185 378
185 380
185 402
185 406
185 448
185 464
186 189
186 193
186 254
186 265
186 274
186 294
186 318
186 328
186 425
186 442
186 461
187 188
187 210
187 405
187 439
187 491
188 263
188 294
188 352
188 356
188 361
188 373
188 378
188 382
188 420
188 421
188 425
188 445
188 448
188 471
188 494
189 193
189 197
189 230
189 313
189 322
189 451
189 474
189 480
190 196
190 213
190 214
190 218
190 252
190 293
190 294
190 343
190 409
190 412
190 419
190 453
191 206
191 219
191 236
191 262
191 313
191 351
191 359
191 386
191 497
192 235
192 236
192 252
192 255
192 310
192 315
192 345
192 352
192 354
192 364
192 413
192 427
192 462
192 471
192 490
192 497
193 226
193 349
193 381
193 436
193 446
193 477
193 499
194 204
194 264
194 307
194 310
194 321
194 337
194 355
194 367
194 400
194 413
194 416
194 447
194 462
194 465
194 468
194 470
195 196
195 232
195 249
195 251
195 273
195 278
195 281
195 366
195 372
195 409
195 419
195 426
195 493
196 295
196 304
196 327
196 422
196 496
197 208
197 221
197 234
197 261
197 276
197 279
197 284
197 302
197 311
197 414
197 462
197 468
198 203
198 231
198 242
198 251
198 284
198 304
198 312
198 315
198 348
198 383
198 394
198 451
198 453
198 469
198 483
199 202
199 235
199 265
199 272
199 299
199 327
199 339
199 341
199 359
199 365
199 375
199 406
199 430
199 449
199 482
200 207
200 252
200 254
200 263
200 279
200 302
200 307
200 318
200 339
200 384
200 388
201 214
201 244
201 253
201 256
201 275
201 345
201 386
201 410
201 423
201 439
201 474
202 215
202 216
202 240
202 256
202 265
202 270
202 296
202 330
202 384
202 385
202 391
202 403
202 421
202 427
202 478
202 489
203 204
203 217
203 219
203 255
203 333
203 343
203 444
203 446
203 458
203 463
203 464
203 468
203 493
203 494
204 212
204 218
204 254
204 257
204 272
204 275
204 330
204 344
204 379
204 412
204 419
204 438
204 439
204 447
204 470
204 473
204 486
204 499
205 207
205 209
205 232
205 246
205 253
205 283
205 312
205 342
205 376
205 441
205 473
205 480
206 251
206 274
206 284
206 295
206 357
206 380
206 385
206 425
206 436
206 444
206 452
206 498
207 234
207 279
207 321
207 326
207 339
207 342
207 361
207 372
207 403
207 420
207 466
207 492
208 212
208 226
208 227
208 246
208 250
208 267
208 281
208 328
208 377
208 404
208 442
208 444
209 223
209 259
209 260
209 269
209 283
209 309
209 314
209 359
209 372
209 377
209 474
209 489
209 490
209 496
209 498
210 214
210 261
210 262
210 275
210 313
210 386
210 411
210 461
210 488
211 212
211 275
211 283
211 297
211 325
211 331
211 336
211 349
211 351
211 439
211 469
211 471
211 493
212 214
212 270
212 281
212 321
212 325
212 344
212 375
212 380
212 428
212 437
213 218
213 384
213 420
213 421
213 454
213 461
213 467
214 222
214 231
214 248
214 302
214 367
214 376
214 395
214 438
214 449
214 488
215 230
215 254
215 260
215 269
215 279
215 336
215 342
215 345
215 385
215 399
215 402
215 468
215 469
215 489
215 498
216 220
216 246
216 268
216 280
216 308
216 312
216 318
216 327
216 359
216 372
216 386
216 432
216 449
216 450
216 497
217 260
217 294
217 325
217 349
217 385
217 395
217 457
217 464
217 472
217 485
217 488
218 227
218 232
218 267
218 274
218 277
218 342
218 366
218 377
218 437
218 465
218 478
218 495
218 496
219 222
219 276
219 300
219 435
219 470
219 486
220 222
220 238
220 243
220 257
220 300
220 369
220 409
220 431
220 432
220 450
220 460
220 469
220 480
221 222
221 236
221 257
221 261
221 263
221 268
221 285
221 288
221 292
221 318
221 354
221 363
221 385
221 393
221 403
221 419
221 438
221 499
222 228
222 240
222 260
222 268
222 283
222 285
222 292
222 343
222 438
222 498
223 228
223 229
223 233
223 240
223 246
223 274
223 283
223 296
223 309
223 331
223 376
223 425
223 436
223 459
223 493
224 233
224 276
224 295
224 303
224 329
224 333
224 352
224 373
224 378
224 388
224 449
224 455
224 460
224 472
224 479
224 484
224 489
225 256
225 292
225 336
225 357
225 375
225 390
225 407
225 411
225 493
225 498
226 264
226 316
226 401
226 414
226 428
226 437
226 449
226 455
226 495
227 232
227 269
227 297
227 306
227 344
227 374
227 389
227 422
227 500
228 254
228 308
228 323
228 404
229 268
229 279
229 290
229 293
229 339
229 354
229 368
229 434
229 452
229 457
229 458
229 459
229 462
229 475
229 482
230 304
230 336
230 338
230 339
230 361
230 363
230 382
230 395
230 400
230 419
230 430
230 444
230 485
231 232
231 243
231 261
231 264
231 274
231 283
231 305
231 309
231 334
231 370
231 380
231 396
231 432
231 435
231 465
231 481
231 500
232 235
232 241
232 248
232 298
232 306
232 333
232 334
232 350
232 360
232 370
232 375
232 386
232 445
232 490
233 256
233 263
233 267
233 308
233 375
233 402
233 435
233 443
233 453
233 461
233 492
234 235
234 239
234 252
234 267
234 300
234 345
234 397
234 448
234 462
234 470
235 257
235 271
235 297
235 305
235 323
235 386
235 409
235 412
235 444
235 451
235 457
235 465
235 480
235 491
236 244
236 265
236 373
236 380
236 386
236 391
236 393
236 431
236 446
236 480
237 238
237 239
237 241
237 340
237 397
237 426
237 447
237 482
238 316
238 352
238 404
238 421
238 434
238 435
238 465
238 475
238 488
238 489
239 266
239 290
239 298
239 322
239 334
239 383
239 487
240 241
240 251
240 255
240 265
240 272
240 286
240 289
240 368
240 411
240 417
240 424
240 425
240 455
240 456
240 472
240 477
240 495
241 246
241 258
241 260
241 280
241 309
241 395
241 447
241 466
241 479
242 284
242 322
242 356
242 362
242 369
242 373
242 384
242 419
242 453
242 461
242 469
242 489
243 249
243 260
243 275
243 298
243 300
243 321
243 345
243 379
243 383
243 399
243 455
243 496
244 316
244 324
244 335
244 358
244 399
244 428
244 486
245 276
245 278
245 286
245 290
245 317
245 323
245 325
245 327
245 335
245 359
245 367
245 379
245 398
245 441
245 444
246 264
246 267
246 300
246 439
246 440
247 251
247 276
247 282
247 308
247 322
247 410
247 432
247 439
247 455
247 472
247 482
248 255
248 322
248 343
248 387
248 392
248 393
248 405
248 409
248 411
248 418
248 424
248 470
249 250
249 260
249 304
249 324
249 328
249 333
249 363
249 367
249 382
249 404
249 419
249 428
249 470
250 256
250 329
250 427
250 441
250 478
250 484
250 493
251 264
251 296
251 313
251 321
251 384
251 387
251 412
251 427
251 454
251 459
251 460
252 273
252 278
252 301
252 309
252 317
252 366
252 368
252 383
252 425
252 460
252 494
253 279
253 314
253 328
253 349
253 384
253 413
253 416
253 423
253 437
254 284
254 307
254 418
254 434
254 468
254 476
255 269
255 295
255 325
255 365
255 409
255 417
255 444
255 491
256 284
256 300
256 324
256 355
256 373
256 376
256 417
256 451
256 479
256 483
256 494
257 273
257 338
257 346
257 446
257 454
258 270
258 295
258 310
258 315
258 317
258 408
258 421
258 484
258 491
259 311
259 323
259 381
259 391
259 420
259 445
259 479
259 486
259 489
260 278
260 331
260 338
260 343
260 365
260 416
260 433
260 464
260 467
261 281
261 282
261 358
261 361
261 371
261 396
261 481
261 487
262 311
262 332
262 347
262 352
262 374
262 379
262 388
262 438
262 458
262 495
263 304
263 320
263 338
263 348
263 364
263 431
263 446
263 460
263 490
264 269
264 285
264 292
264 333
264 373
264 380
264 381
264 434
264 438
264 458
264 461
264 467
265 296
265 362
265 379
265 407
265 415
265 418
266 278
266 322
266 368
266 451
266 485
267 269
267 312
267 351
267 356
267 360
267 369
267 375
267 383
267 415
267 416
267 418
267 426
268 276
268 303
268 332
268 337
268 347
268 400
268 434
268 445
268 476
268 485
268 491
269 276
269 278
269 290
269 306
269 317
269 319
269 339
269 399
269 429
269 488
269 494
270 276
270 315
270 352
270 354
270 435
270 478
271 289
271 321
271 326
271 480
271 482
271 497
272 281
272 282
272 303
272 410
272 412
272 423
273 285
273 353
273 375
273 428
273 487
274 276
274 310
274 332
274 336
274 341
274 344
274 389
274 390
274 393
274 462
274 475
275 316
275 356
275 360
275 392
275 407
275 410
275 491
276 281
276 328
276 338
276 376
276 387
276 388
276 404
276 421
276 448
276 485
277 295
277 296
277 305
277 309
277 344
277 350
277 382
277 394
277 397
277 418
277 438
277 477
277 479
277 493
278 282
278 300
278 309
278 311
278 323
278 375
278 379
278 397
278 400
278 419
278 448
279 309
279 321
279 345
279 394
279 400
279 420
280 305
280 310
280 313
280 318
280 322
280 366
280 384
280 419
280 457
281 282
281 285
281 290
281 293
281 313
281 381
281 385
281 426
281 431
281 486
282 323
282 324
282 328
282 360
282 419
282 431
282 467
282 473
282 475
282 494
283 284
283 325
283 333
283 359
283 361
283 362
283 373
283 384
283 389
283 429
283 432
283 461
284 311
284 354
284 377
284 452
284 488
285 286
285 310
285 325
285 342
285 373
285 420
285 445
285 447
285 477
286 288
286 292
286 308
286 339
286 378
286 398
286 424
286 425
286 447
286 457
286 499
287 288
287 313
287 316
287 368
287 437
287 438
287 478
287 495
288 309
288 319
288 321
288 329
288 345
288 437
288 492
289 290
289 358
289 380
289 386
289 396
289 407
289 411
289 413
289 426
289 444
289 466
289 498
290 331
290 397
290 403
290 427
290 431
290 470
290 487
291 326
291 359
291 360
291 378
291 399
291 425
291 443
292 293
292 330
292 361
292 443
292 463
292 468
293 294
293 307
293 323
293 329
293 335
293 392
293 457
294 345
294 350
294 405
294 409
294 439
294 446
295 314
295 321
295 342
295 372
295 401
295 409
295 431
295 443
296 298
296 340
296 349
296 383
296 392
296 409
296 412
296 428
296 441
296 445
296 449
296 487
296 490
297 342
297 348
297 386
297 405
297 420
297 421
297 434
297 439
297 447
297 460
297 466
297 476
297 477
298 329
298 347
298 358
298 361
298 380
298 392
298 394
298 424
298 436
298 460
298 489
299 301
299 322
299 323
299 339
299 358
299 359
299 397
299 399
299 434
299 450
299 499
300 310
300 315
300 329
300 338
300 376
300 386
300 404
300 495
301 302
301 345
301 355
301 464
301 479
302 303
302 317
302 336
302 361
302 377
302 414
302 438
302 490
303 331
303 375
303 428
303 439
303 455
304 321
304 323
304 336
304 354
304 389
304 419
304 473
305 309
305 315
305 351
305 413
305 424
305 428
305 438
305 477
306 333
306 373
306 432
306 442
306 450
306 477
306 479
306 480
306 481
307 354
307 363
307 365
307 366
307 454
308 333
308 347
308 374
308 387
308 403
308 451
308 460
308 468
308 487
308 491
309 322
309 329
309 356
309 363
309 375
309 404
309 409
309 416
309 435
309 439
309 466
310 311
310 323
310 328
310 372
310 464
310 499
311 354
311 368
311 370
311 400
311 405
311 461
311 495
312 316
312 323
312 329
312 359
312 363
312 400
312 436
312 449
312 455
312 463
312 470
312 483
312 487
313 320
313 323
313 347
313 455
313 493
314 337
314 346
314 454
314 460
314 468
314 491
314 494
315 353
315 428
315 465
315 473
315 481
315 488
316 331
316 336
316 349
316 372
316 438
316 446
316 456
316 465
317 320
317 356
317 416
317 431
317 477
318 351
318 357
318 360
318 395
318 399
318 407
318 415
318 456
319 357
319 407
319 413
320 361
320 393
320 438
320 462
320 478
320 487
321 323
321 381
321 385
321 472
322 324
322 329
322 340
322 349
322 350
322 363
322 385
322 439
322 447
322 495
323 349
323 423
323 451
324 334
324 364
324 369
324 385
324 414
324 425
324 434
324 437
324 447
324 455
324 490
325 327
325 350
325 374
325 375
325 378
325 383
325 496
326 339
326 386
326 403
326 411
326 418
326 473
327 339
327 377
327 383
327 388
327 396
327 442
327 457
328 329
328 350
328 355
328 379
328 392
328 405
329 331
329 388
329 402
329 411
329 416
329 488
330 331
330 343
330 346
330 375
330 405
330 494
331 334
331 340
331 409
331 430
331 475
331 484
332 360
332 381
332 404
332 429
332 438
332 488
333 334
333 377
333 378
333 412
333 433
334 388
334 395
334 404
334 408
334 434
334 458
334 462
334 499
335 336
335 358
335 364
335 378
335 389
335 394
335 400
335 426
335 444
335 460
336 362
336 363
336 368
336 390
336 401
336 419
336 424
336 439
336 446
336 465
336 487
336 488
337 338
337 409
337 411
337 412
337 419
337 485
338 367
338 432
338 442
338 460
338 470
338 487
339 342
339 349
339 360
339 374
339 384
339 386
339 427
339 442
340 361
340 372
340 477
341 342
341 373
341 397
341 398
341 414
341 429
341 483
342 350
342 371
342 399
342 418
342 443
342 482
342 483
343 346
343 353
343 377
343 406
343 426
343 458
343 472
344 345
344 360
344 384
344 395
344 413
344 417
344 446
344 465
344 488
344 491
345 352
345 396
345 410
345 463
345 469
345 475
346 347
346 351
346 431
346 436
346 440
346 479
347 353
347 355
347 359
347 376
347 418
347 426
347 433
347 440
347 456
348 365
348 377
348 378
348 391
348 416
348 418
348 481
348 484
348 486
349 350
349 438
349 439
349 462
349 475
349 491
349 496
350 369
350 383
350 407
350 411
350 417
351 359
351 384
351 398
351 408
351 436
351 480
351 500
352 357
352 380
352 439
352 491
353 421
353 499
354 358
354 375
354 417
354 438
354 439
354 443
355 364
355 438
355 440
355 441
355 456
355 467
355 493
355 498
356 367
356 400
356 414
356 418
356 437
356 486
357 393
357 442
357 451
357 455
358 380
358 407
358 409
358 411
358 455
358 465
358 486
359 363
359 444
359 459
359 475
360 361
360 365
360 367
360 387
360 388
360 403
360 408
360 421
360 460
360 469
360 472
360 481
360 485
360 489
360 492
361 399
361 443
361 471
362 387
362 500
363 446
363 493
364 399
364 406
364 448
364 459
364 485
365 383
365 433
365 452
365 472
365 495
366 373
366 404
366 429
366 459
366 481
367 390
367 393
367 441
367 449
367 454
367 465
367 493
368 369
368 380
368 440
368 464
368 469
368 470
368 477
368 498
369 371
369 387
369 424
369 433
369 459
369 473
369 478
369 482
370 372
370 396
370 400
370 419
370 434
370 454
370 455
370 460
370 497
371 385
371 435
371 441
371 451
371 460
371 499
372 373
372 375
372 401
372 421
372 470
372 489
373 375
373 378
373 389
373 413
373 450
373 493
374 375
374 432
374 458
374 471
374 492
375 384
375 388
375 420
375 421
375 430
375 442
375 491
375 492
376 380
376 434
376 443
376 465
376 473
376 489
376 494
377 380
377 449
377 470
378 388
378 394
378 406
378 415
378 430
378 437
378 446
378 468
378 483
378 494
379 415
379 429
379 438
379 444
380 404
380 468
380 498
381 403
381 416
381 459
381 480
381 482
381 483
382 385
382 436
382 455
382 469
382 479
382 484
383 429
383 430
383 454
383 465
384 389
384 452
384 462
385 392
385 496
386 389
386 401
386 414
386 416
386 432
386 434
386 442
386 499
387 389
387 451
388 404
388 439
388 465
389 401
389 426
389 484
389 495
390 406
390 456
390 481
391 398
391 401
391 410
391 424
391 442
391 464
391 465
391 484
391 494
392 396
392 405
392 413
392 434
392 496
393 395
393 444
393 471
394 431
394 436
394 438
394 473
394 480
395 422
395 442
395 447
395 455
395 478
395 487
396 397
396 434
396 458
396 463
396 477
396 496
396 500
397 403
397 409
397 424
397 463
397 475
397 489
397 494
398 399
398 440
398 457
398 496
399 402
399 405
399 407
399 411
399 415
399 474
399 486
400 412
400 431
400 449
400 464
400 472
400 476
400 484
400 486
400 494
401 402
401 409
401 471
401 493
402 410
402 418
402 420
402 480
402 487
403 495
404 452
404 454
404 497
405 406
405 413
405 435
405 440
406 419
406 449
406 472
407 408
407 411
407 473
407 480
408 422
408 477
408 500
409 411
409 436
409 476
410 421
410 455
410 468
410 470
411 452
412 414
412 426
412 428
412 435
412 462
412 468
412 496
413 422
413 442
413 484
414 424
414 427
414 482
414 500
415 418
415 433
415 442
415 491
416 422
416 444
416 445
416 464
417 427
417 445
417 476
417 488
417 498
418 423
418 481
419 498
419 499
420 427
421 440
421 441
421 457
421 467
421 468
421 487
422 426
422 467
422 490
422 497
423 426
423 429
423 434
423 454
423 462
423 480
424 451
424 468
425 426
425 445
425 462
425 491
425 498
426 439
426 474
426 484
427 428
428 431
428 464
428 467
429 432
429 441
429 473
429 499
430 443
430 473
430 476
430 491
431 453
431 466
432 444
432 495
433 434
433 472
433 474
434 436
434 450
434 458
434 468
434 473
434 498
435 437
436 438
436 452
436 465
436 472
436 490
436 498
437 439
437 453
437 478
437 492
438 462
438 483
438 489
438 495
439 441
439 449
439 456
439 472
439 477
440 443
440 457
440 476
440 494
441 445
441 483
442 462
442 468
442 497
443 500
444 446
444 464
445 476
446 471
446 479
447 449
448 452
448 485
449 485
450 462
450 491
451 455
452 457
452 473
452 477
452 487
453 477
455 456
456 471
457 458
458 461
458 464
458 468
458 490
459 463
459 476
459 489
460 461
460 500
461 464
461 488
461 490
461 497
461 498
463 475
464 465
464 486
464 493
465 488
466 470
466 479
466 490
466 499
467 472
468 471
468 500
469 470
469 476
470 485
470 493
470 494
470 498
471 476
472 478
472 485
473 478
473 480
475 476
475 482
476 481
477 495
477 497
479 480
480 487
481 493
482 492
483 485
483 491
484 485
486 489
486 497
486 498
488 489
488 490
490 496
491 494
495 496
497 498
498 500
