600
7626
1 5
1 12
1 69
1 99
1 150
1 164
1 170
1 177
1 184
1 190
1 204
1 210
1 232
1 265
1 272
1 288
1 299
1 311
1 317
1 390
1 418
1 433
1 507
1 539
1 566
1 587
2 32
2 61
2 68
2 79
2 98
2 132
2 149
2 206
2 254
2 263
2 300
2 304
2 328
2 362
2 388
2 408
2 414
2 440
2 458
2 473
2 575
2 589
3 4
3 7
3 43
3 89
3 96
3 102
3 221
3 248
3 263
3 331
3 338
3 353
3 362
3 368
3 374
3 375
3 377
3 379
3 380
3 425
3 436
3 511
3 517
3 596
4 6
4 10
4 30
4 66
4 85
4 91
4 102
4 110
4 130
4 201
4 205
4 214
4 217
4 230
4 232
4 250
4 274
4 409
4 432
4 476
4 478
4 489
4 513
4 516
4 566
4 587
4 597
5 6
5 19
5 58
5 61
5 79
5 104
5 151
5 194
5 202
5 231
5 246
5 283
5 333
5 347
5 405
5 482
5 485
5 514
5 590
6 29
6 41
6 65
6 73
6 80
6 90
6 125
6 153
6 174
6 185
6 198
6 210
6 233
6 237
6 242
6 299
6 311
6 353
6 361
6 367
6 383
6 386
6 391
6 396
6 400
6 405
6 498
6 542
7 21
7 25
7 104
7 123
7 125
7 136
7 144
7 161
7 163
7 232
7 239
7 252
7 257
7 280
7 281
7 283
7 310
7 311
7 319
7 328
7 346
7 361
7 366
7 371
7 372
7 373
7 374
7 397
7 417
7 459
7 466
7 471
7 508
7 516
7 521
7 529
7 544
8 74
8 78
8 79
8 116
8 164
8 198
8 202
8 205
8 208
8 226
8 235
8 241
8 279
8 292
8 309
8 311
8 314
8 337
8 352
8 367
8 380
8 414
8 450
8 477
8 486
8 487
8 489
8 493
8 502
8 526
8 530
8 585
9 10
9 55
9 60
9 63
9 65
9 93
9 133
9 160
9 171
9 194
9 195
9 200
9 227
9 265
9 278
9 280
9 354
9 424
9 451
9 473
9 510
9 537
9 572
9 586
9 592
9 594
10 41
10 60
10 129
10 145
10 160
10 164
10 176
10 194
10 243
10 270
10 273
10 400
10 423
10 432
10 455
10 487
10 490
10 497
10 506
10 585
10 588
10 590
11 26
11 57
11 74
11 114
11 126
11 143
11 148
11 150
11 191
11 203
11 214
11 220
11 242
11 250
11 283
11 304
11 414
11 416
11 461
11 498
11 507
11 588
11 589
11 598
12 17
12 49
12 59
12 64
12 90
12 154
12 163
12 188
12 208
12 232
12 256
12 258
12 268
12 275
12 337
12 363
12 439
12 450
12 451
12 453
12 470
12 493
12 497
12 540
12 583
12 594
12 596
13 36
13 78
13 83
13 90
13 96
13 124
13 132
13 175
13 196
13 200
13 202
13 206
13 212
13 216
13 218
13 232
13 253
13 269
13 290
13 347
13 354
13 394
13 442
13 595
14 18
14 19
14 54
14 98
14 136
14 165
14 177
14 240
14 255
14 261
14 289
14 302
14 304
14 329
14 348
14 380
14 464
14 465
14 473
14 558
14 572
14 576
15 52
15 64
15 80
15 94
15 115
15 141
15 150
15 170
15 186
15 191
15 220
15 260
15 271
15 284
15 324
15 442
15 443
15 458
15 491
15 508
15 519
15 536
15 547
15 585
15 587
15 588
16 21
16 38
16 39
16 53
16 104
16 142
16 158
16 170
16 177
16 189
16 191
16 212
16 227
16 236
16 240
16 264
16 307
16 330
16 358
16 367
16 369
16 384
16 441
16 464
16 519
16 594
17 66
17 78
17 83
17 99
17 109
17 117
17 139
17 152
17 168
17 180
17 308
17 320
17 324
17 345
17 348
17 366
17 382
17 410
17 508
17 513
17 574
18 62
18 80
18 90
18 162
18 181
18 187
18 203
18 211
18 214
18 252
18 255
18 268
18 379
18 396
18 400
18 419
18 448
18 473
18 486
18 488
18 509
18 522
18 549
19 56
19 57
19 65
19 78
19 101
19 102
19 106
19 113
19 121
19 130
19 137
19 181
19 183
19 186
19 210
19 245
19 276
19 281
19 302
19 306
19 315
19 347
19 380
19 424
19 427
19 435
19 449
19 454
19 464
19 467
19 514
19 518
19 568
19 569
19 581
19 593
20 61
20 123
20 124
20 128
20 176
20 220
20 232
20 238
20 248
20 272
20 367
20 373
20 389
20 414
20 440
20 447
20 455
20 471
20 514
20 516
20 546
20 548
21 25
21 37
21 56
21 88
21 158
21 180
21 195
21 264
21 272
21 349
21 383
21 390
21 395
21 421
21 431
21 439
21 442
21 454
21 466
21 468
21 475
21 477
21 497
21 510
21 528
21 560
21 568
21 592
21 597
21 600
22 57
22 73
22 142
22 265
22 272
22 273
22 274
22 289
22 299
22 303
22 323
22 355
22 365
22 375
22 396
22 482
22 522
22 537
22 543
22 551
22 571
22 585
23 27
23 33
23 49
23 68
23 74
23 106
23 116
23 138
23 139
23 155
23 188
23 238
23 276
23 284
23 295
23 299
23 300
23 363
23 366
23 390
23 405
23 467
23 491
23 496
23 504
23 505
23 527
23 566
23 586
23 595
24 32
24 38
24 56
24 76
24 129
24 176
24 177
24 204
24 224
24 228
24 267
24 301
24 326
24 328
24 331
24 344
24 359
24 387
24 438
24 470
24 473
24 476
24 486
24 508
24 555
24 567
25 46
25 72
25 82
25 117
25 123
25 134
25 143
25 145
25 154
25 163
25 185
25 194
25 256
25 259
25 320
25 359
25 373
25 381
25 390
25 431
25 432
25 434
25 587
25 591
26 29
26 43
26 64
26 67
26 86
26 233
26 243
26 246
26 263
26 273
26 294
26 328
26 331
26 360
26 388
26 405
26 427
26 489
26 490
26 548
26 598
27 57
27 65
27 81
27 134
27 153
27 157
27 167
27 184
27 200
27 308
27 311
27 335
27 365
27 373
27 375
27 386
27 445
27 457
27 482
27 521
27 588
28 34
28 74
28 90
28 98
28 101
28 156
28 157
28 173
28 182
28 191
28 211
28 212
28 216
28 228
28 236
28 246
28 277
28 297
28 307
28 322
28 341
28 343
28 358
28 383
28 413
28 479
28 487
28 515
28 520
28 526
28 530
28 579
29 39
29 56
29 69
29 75
29 87
29 99
29 105
29 107
29 117
29 156
29 164
29 175
29 213
29 225
29 248
29 265
29 277
29 309
29 371
29 374
29 397
29 441
29 498
29 500
29 514
29 538
29 548
29 586
29 595
29 598
30 31
30 54
30 61
30 79
30 82
30 83
30 93
30 96
30 113
30 135
30 192
30 223
30 255
30 345
30 351
30 360
30 395
30 403
30 420
30 500
30 513
30 517
30 525
30 541
30 598
31 49
31 51
31 86
31 87
31 94
31 114
31 115
31 154
31 218
31 222
31 263
31 285
31 293
31 329
31 339
31 340
31 380
31 400
31 450
31 462
31 481
31 494
31 546
31 583
31 587
32 35
32 64
32 100
32 116
32 120
32 130
32 225
32 236
32 243
32 263
32 279
32 281
32 282
32 328
32 395
32 401
32 413
32 508
32 550
32 560
33 35
33 87
33 101
33 191
33 199
33 207
33 211
33 217
33 235
33 262
33 279
33 297
33 309
33 377
33 382
33 397
33 403
33 444
33 452
33 453
33 463
33 466
33 521
33 579
33 585
34 91
34 114
34 116
34 130
34 165
34 166
34 168
34 177
34 209
34 306
34 311
34 336
34 372
34 388
34 413
34 442
34 453
34 479
34 506
34 519
34 570
35 45
35 66
35 78
35 85
35 131
35 176
35 212
35 227
35 239
35 272
35 285
35 307
35 341
35 354
35 475
35 492
35 536
35 557
35 582
35 586
36 37
36 113
36 132
36 144
36 184
36 209
36 215
36 216
36 222
36 256
36 307
36 310
36 369
36 380
36 394
36 396
36 440
36 456
36 457
36 463
36 481
36 500
36 518
36 525
36 549
36 551
36 554
36 555
36 564
36 584
36 585
36 589
36 595
37 77
37 88
37 96
37 112
37 163
37 213
37 217
37 222
37 249
37 258
37 266
37 298
37 333
37 357
37 372
37 381
37 402
37 419
37 464
37 561
37 566
37 571
38 39
38 114
38 120
38 125
38 135
38 158
38 160
38 194
38 202
38 214
38 254
38 270
38 322
38 343
38 407
38 439
38 447
38 461
38 481
38 525
38 561
38 562
39 43
39 89
39 107
39 183
39 193
39 201
39 211
39 269
39 286
39 302
39 340
39 341
39 380
39 395
39 398
39 418
39 426
39 460
39 464
39 486
39 512
39 536
39 540
39 572
39 593
40 48
40 49
40 63
40 66
40 74
40 87
40 107
40 128
40 135
40 169
40 183
40 184
40 197
40 204
40 207
40 218
40 272
40 274
40 288
40 300
40 309
40 313
40 346
40 350
40 381
40 423
40 429
40 490
40 521
40 528
40 542
40 544
40 553
40 568
41 42
41 68
41 78
41 126
41 127
41 133
41 161
41 198
41 228
41 239
41 260
41 268
41 300
41 309
41 313
41 347
41 353
41 375
41 385
41 501
41 566
41 578
42 53
42 152
42 153
42 204
42 211
42 248
42 340
42 345
42 350
42 376
42 402
42 433
42 437
42 447
42 480
42 491
42 506
42 541
42 568
43 45
43 60
43 88
43 93
43 139
43 328
43 363
43 447
43 491
43 517
43 596
43 599
43 600
44 112
44 131
44 148
44 193
44 200
44 243
44 254
44 264
44 278
44 309
44 313
44 334
44 385
44 397
44 420
44 578
45 51
45 68
45 72
45 76
45 102
45 111
45 131
45 147
45 155
45 184
45 197
45 200
45 276
45 293
45 311
45 387
45 432
45 445
45 476
45 484
45 530
45 589
46 49
46 50
46 95
46 131
46 150
46 200
46 204
46 223
46 232
46 287
46 350
46 367
46 384
46 444
46 462
46 517
46 518
46 547
46 548
46 571
46 595
46 596
46 599
47 135
47 158
47 186
47 193
47 194
47 201
47 211
47 220
47 245
47 247
47 286
47 290
47 295
47 299
47 305
47 309
47 317
47 318
47 328
47 342
47 385
47 409
47 417
47 436
47 465
47 507
47 509
47 516
48 59
48 65
48 93
48 96
48 126
48 130
48 138
48 193
48 196
48 217
48 240
48 260
48 277
48 280
48 311
48 317
48 329
48 337
48 341
48 368
48 394
48 432
48 442
48 448
48 464
48 489
48 495
48 523
48 528
48 554
48 567
49 51
49 74
49 91
49 138
49 150
49 167
49 222
49 244
49 278
49 280
49 305
49 310
49 349
49 365
49 414
49 430
49 432
49 437
49 462
49 467
49 508
49 578
49 591
50 57
50 288
50 302
50 309
50 326
50 331
50 338
50 360
50 389
50 401
50 438
50 552
50 557
50 564
50 567
51 136
51 227
51 265
51 283
51 349
51 361
51 374
51 433
51 443
51 481
51 485
51 498
51 555
52 65
52 87
52 118
52 173
52 216
52 225
52 227
52 237
52 243
52 315
52 346
52 354
52 360
52 395
52 398
52 418
52 469
52 501
52 502
52 527
52 543
52 573
52 574
52 592
52 594
53 121
53 122
53 154
53 167
53 204
53 226
53 248
53 266
53 267
53 274
53 298
53 326
53 355
53 398
53 432
53 445
53 491
53 526
53 553
53 564
53 568
53 594
54 63
54 73
54 84
54 121
54 147
54 151
54 165
54 171
54 189
54 237
54 242
54 252
54 329
54 348
54 361
54 365
54 366
54 372
54 379
54 432
54 453
54 499
55 59
55 92
55 158
55 185
55 190
55 196
55 320
55 328
55 338
55 354
55 356
55 394
55 421
55 425
55 428
55 431
55 435
55 436
55 453
55 499
55 522
55 523
55 529
55 533
55 556
55 557
55 576
56 66
56 152
56 170
56 220
56 235
56 237
56 258
56 260
56 271
56 274
56 299
56 307
56 328
56 330
56 336
56 392
56 403
56 421
56 446
56 454
56 459
56 463
56 468
56 474
56 477
56 502
56 541
56 591
57 61
57 70
57 88
57 91
57 111
57 113
57 127
57 139
57 140
57 148
57 151
57 167
57 179
57 199
57 212
57 231
57 254
57 272
57 273
57 318
57 338
57 371
57 398
57 422
57 431
57 437
57 456
57 464
57 513
57 520
57 529
57 538
57 562
58 59
58 92
58 140
58 150
58 184
58 203
58 231
58 239
58 264
58 281
58 319
58 388
58 415
58 454
58 455
58 466
58 477
58 554
58 585
59 95
59 112
59 155
59 156
59 186
59 198
59 209
59 222
59 225
59 245
59 247
59 253
59 279
59 299
59 343
59 345
59 443
59 453
59 458
59 460
59 476
59 512
59 540
59 570
60 79
60 89
60 139
60 165
60 178
60 198
60 202
60 227
60 250
60 268
60 307
60 318
60 320
60 356
60 397
60 481
60 486
60 495
60 510
60 572
60 584
61 75
61 103
61 127
61 134
61 138
61 141
61 156
61 211
61 238
61 248
61 260
61 271
61 288
61 312
61 358
61 371
61 428
61 470
61 489
61 514
61 523
61 553
61 561
61 576
61 588
62 64
62 94
62 95
62 97
62 145
62 210
62 215
62 254
62 266
62 280
62 320
62 322
62 331
62 377
62 378
62 395
62 416
62 423
62 434
62 435
62 447
62 452
62 461
62 470
62 522
62 524
62 560
62 588
62 597
63 64
63 183
63 201
63 208
63 218
63 244
63 248
63 269
63 279
63 289
63 298
63 301
63 381
63 387
63 408
63 493
63 494
63 498
63 528
63 544
63 593
64 166
64 169
64 171
64 174
64 177
64 182
64 183
64 191
64 232
64 339
64 371
64 381
64 419
64 462
64 489
64 526
64 531
64 574
64 585
64 596
65 68
65 92
65 182
65 203
65 216
65 231
65 255
65 262
65 296
65 352
65 353
65 354
65 360
65 374
65 433
65 448
65 449
65 468
65 490
65 499
66 67
66 69
66 136
66 194
66 215
66 268
66 273
66 288
66 327
66 345
66 484
66 502
66 506
66 530
66 578
66 585
66 599
67 90
67 138
67 176
67 250
67 269
67 309
67 336
67 370
67 401
67 409
67 442
67 447
67 520
67 521
67 539
67 540
67 542
67 582
68 70
68 121
68 146
68 171
68 173
68 176
68 191
68 224
68 250
68 269
68 312
68 333
68 350
68 363
68 381
68 466
68 478
68 481
68 497
68 498
68 500
68 519
68 526
68 549
68 592
69 71
69 73
69 117
69 139
69 141
69 142
69 163
69 181
69 195
69 197
69 202
69 203
69 224
69 235
69 249
69 290
69 313
69 324
69 356
69 365
69 385
69 412
69 422
69 493
69 550
69 571
69 585
70 79
70 104
70 148
70 149
70 185
70 233
70 265
70 271
70 277
70 279
70 306
70 315
70 334
70 367
70 370
70 371
70 377
70 391
70 399
70 417
70 477
70 503
70 519
70 522
70 528
70 556
71 73
71 74
71 90
71 111
71 121
71 178
71 184
71 194
71 195
71 206
71 209
71 244
71 275
71 276
71 303
71 375
71 380
71 382
71 393
71 402
71 453
71 457
71 495
71 497
71 501
71 571
71 587
72 154
72 183
72 187
72 197
72 226
72 246
72 286
72 328
72 338
72 372
72 410
72 427
72 533
72 584
73 91
73 98
73 130
73 164
73 167
73 184
73 200
73 237
73 264
73 269
73 272
73 318
73 339
73 431
73 435
73 469
73 485
73 487
73 500
73 549
73 554
73 558
73 591
73 595
73 596
74 79
74 87
74 121
74 136
74 157
74 179
74 207
74 213
74 225
74 235
74 305
74 319
74 323
74 342
74 405
74 417
74 426
74 448
74 449
74 487
74 529
74 538
74 571
75 78
75 80
75 85
75 91
75 148
75 170
75 194
75 202
75 216
75 217
75 235
75 265
75 270
75 299
75 335
75 399
75 416
75 440
75 470
75 489
75 495
75 498
75 594
75 598
76 89
76 112
76 139
76 145
76 150
76 156
76 177
76 217
76 225
76 228
76 235
76 278
76 317
76 352
76 377
76 405
76 435
76 447
76 469
76 516
76 525
76 527
76 557
76 573
76 584
76 600
77 85
77 97
77 197
77 212
77 225
77 263
77 270
77 277
77 281
77 301
77 319
77 372
77 389
77 405
77 427
77 429
77 435
77 453
77 478
77 545
77 575
77 587
77 590
78 79
78 81
78 87
78 111
78 136
78 138
78 197
78 207
78 254
78 272
78 281
78 287
78 295
78 302
78 306
78 313
78 318
78 342
78 475
78 498
78 500
78 553
78 579
78 590
78 595
79 80
79 91
79 112
79 115
79 121
79 126
79 128
79 186
79 226
79 242
79 246
79 247
79 258
79 293
79 334
79 340
79 349
79 350
79 367
79 369
79 386
79 492
79 515
79 531
79 565
79 578
79 584
79 597
80 82
80 105
80 147
80 200
80 207
80 209
80 211
80 259
80 264
80 281
80 324
80 330
80 377
80 392
80 397
80 403
80 441
80 495
80 502
80 504
80 508
80 522
80 529
80 588
80 593
81 82
81 101
81 158
81 175
81 179
81 200
81 220
81 276
81 350
81 418
81 425
81 427
81 429
81 438
81 528
81 535
81 538
81 543
81 563
81 587
82 90
82 94
82 104
82 180
82 224
82 229
82 232
82 245
82 255
82 265
82 329
82 334
82 349
82 366
82 428
82 435
82 472
82 479
82 516
82 585
83 85
83 104
83 108
83 120
83 127
83 138
83 154
83 173
83 174
83 194
83 227
83 290
83 336
83 341
83 427
83 429
83 454
83 459
83 463
83 516
83 519
83 541
83 547
83 573
83 596
84 97
84 107
84 125
84 153
84 162
84 184
84 199
84 246
84 248
84 255
84 256
84 298
84 312
84 353
84 361
84 399
84 437
84 461
84 483
84 509
84 513
84 569
84 584
85 87
85 93
85 138
85 165
85 199
85 240
85 268
85 289
85 303
85 304
85 335
85 367
85 432
85 443
85 453
85 466
85 470
85 485
85 545
85 576
85 591
86 90
86 126
86 130
86 147
86 163
86 164
86 192
86 234
86 242
86 257
86 300
86 332
86 342
86 415
86 431
86 519
87 91
87 96
87 122
87 147
87 185
87 195
87 213
87 265
87 272
87 273
87 280
87 283
87 322
87 327
87 337
87 357
87 361
87 426
87 427
87 430
87 530
87 535
88 90
88 102
88 138
88 161
88 172
88 252
88 327
88 341
88 359
88 371
88 382
88 394
88 449
88 545
88 565
88 569
88 571
88 573
89 94
89 126
89 166
89 179
89 199
89 329
89 350
89 352
89 359
89 395
89 443
89 456
89 460
89 515
90 187
90 232
90 242
90 277
90 295
90 452
90 459
90 506
90 509
90 539
90 579
90 587
91 104
91 166
91 289
91 329
91 344
91 352
91 359
91 379
91 414
91 482
91 529
91 534
91 535
91 540
91 578
91 595
92 97
92 103
92 115
92 126
92 143
92 251
92 255
92 258
92 279
92 360
92 463
92 470
92 519
92 538
92 548
93 134
93 171
93 288
93 332
93 341
93 376
93 411
93 416
93 455
93 491
93 502
93 523
93 538
93 549
93 570
93 573
93 593
94 99
94 111
94 127
94 128
94 137
94 138
94 148
94 157
94 172
94 188
94 197
94 277
94 308
94 327
94 400
94 411
94 418
94 435
94 457
94 468
94 487
94 530
94 556
94 569
94 570
94 577
94 580
95 101
95 112
95 115
95 116
95 117
95 121
95 157
95 169
95 193
95 206
95 241
95 248
95 260
95 306
95 365
95 371
95 391
95 448
95 528
95 549
95 577
96 98
96 101
96 170
96 182
96 185
96 216
96 230
96 261
96 283
96 294
96 295
96 312
96 316
96 338
96 360
96 375
96 396
96 402
96 450
96 452
96 487
96 533
96 575
96 589
97 99
97 131
97 171
97 269
97 273
97 295
97 338
97 346
97 356
97 385
97 420
97 442
97 445
97 455
97 473
97 497
97 518
97 551
97 587
97 596
98 115
98 146
98 150
98 192
98 197
98 203
98 218
98 247
98 299
98 308
98 325
98 345
98 393
98 453
98 472
98 473
98 512
98 578
98 590
99 101
99 129
99 130
99 147
99 179
99 204
99 227
99 228
99 256
99 269
99 311
99 340
99 401
99 402
99 406
99 434
99 435
99 462
99 486
99 501
99 539
99 567
99 583
100 124
100 150
100 169
100 198
100 254
100 271
100 296
100 300
100 324
100 362
100 373
100 392
100 452
100 470
100 479
100 493
100 527
100 537
100 541
100 557
100 575
100 577
100 583
101 115
101 125
101 170
101 182
101 232
101 234
101 271
101 294
101 309
101 312
101 317
101 321
101 322
101 357
101 368
101 395
101 432
101 484
101 505
101 511
101 515
101 525
101 526
101 577
101 581
102 142
102 177
102 216
102 275
102 299
102 316
102 334
102 335
102 345
102 383
102 395
102 407
102 430
102 432
102 480
102 491
102 502
102 505
102 517
102 541
102 542
102 556
102 557
102 559
102 587
103 161
103 174
103 195
103 224
103 236
103 242
103 307
103 350
103 361
103 393
103 412
103 418
103 429
103 446
103 488
103 489
103 501
103 516
103 548
103 552
103 564
103 565
103 590
103 599
104 149
104 195
104 265
104 276
104 282
104 339
104 361
104 394
104 417
104 455
104 459
104 462
104 464
104 465
104 551
104 556
104 565
105 149
105 168
105 171
105 186
105 197
105 199
105 243
105 283
105 380
105 383
105 385
105 388
105 432
105 439
105 462
105 499
105 525
105 535
105 543
105 573
106 109
106 142
106 147
106 195
106 202
106 209
106 265
106 293
106 302
106 314
106 338
106 342
106 362
106 370
106 408
106 420
106 479
106 496
106 497
106 598
107 183
107 238
107 259
107 261
107 277
107 411
107 414
107 415
107 459
107 470
107 494
107 548
107 567
107 586
107 593
107 599
108 120
108 144
108 173
108 231
108 238
108 242
108 256
108 262
108 298
108 341
108 376
108 401
108 436
108 492
108 496
108 511
108 525
108 531
108 538
109 111
109 139
109 150
109 195
109 230
109 254
109 272
109 324
109 327
109 373
109 414
109 419
109 429
109 434
109 499
109 511
109 515
109 547
109 571
109 589
110 120
110 164
110 267
110 268
110 287
110 367
110 411
110 436
110 446
110 508
110 529
110 533
110 565
110 588
110 599
111 149
111 201
111 202
111 273
111 295
111 309
111 327
111 339
111 348
111 351
111 365
111 380
111 420
111 424
111 493
111 522
111 564
111 584
112 114
112 120
112 128
112 135
112 176
112 274
112 283
112 297
112 356
112 383
112 413
112 427
112 429
112 439
112 496
112 527
112 564
112 598
113 120
113 150
113 191
113 216
113 227
113 249
113 304
113 353
113 354
113 366
113 367
113 374
113 383
113 388
113 401
113 404
113 432
113 477
113 510
113 565
113 571
113 597
114 122
114 137
114 143
114 147
114 205
114 235
114 238
114 312
114 345
114 348
114 363
114 406
114 410
114 415
114 427
114 453
114 455
114 486
114 490
114 519
114 571
115 129
115 138
115 160
115 170
115 175
115 181
115 184
115 189
115 197
115 200
115 212
115 325
115 342
115 348
115 357
115 428
115 434
115 451
115 481
115 487
115 493
115 504
115 523
115 554
115 580
116 120
116 127
116 132
116 177
116 184
116 189
116 208
116 253
116 271
116 328
116 345
116 397
116 399
116 467
116 470
116 480
116 507
116 551
116 572
117 182
117 243
117 255
117 288
117 297
117 318
117 351
117 399
117 549
117 563
117 567
118 120
118 211
118 268
118 321
118 329
118 417
118 419
118 425
118 450
118 470
118 486
119 144
119 149
119 170
119 222
119 226
119 258
119 268
119 285
119 301
119 317
119 327
119 328
119 352
119 388
119 486
119 502
119 537
119 579
120 165
120 226
120 291
120 311
120 320
120 352
120 453
120 482
120 498
120 516
120 520
120 536
120 542
120 561
120 599
121 122
121 143
121 166
121 224
121 226
121 254
121 266
121 267
121 310
121 319
121 323
121 329
121 343
121 364
121 397
121 528
121 542
121 553
121 575
121 578
122 138
122 142
122 177
122 192
122 201
122 214
122 236
122 247
122 249
122 270
122 274
122 279
122 387
122 397
122 425
122 444
122 484
122 502
122 518
122 521
122 543
122 555
122 556
122 578
123 124
123 140
123 170
123 211
123 247
123 285
123 291
123 300
123 324
123 335
123 338
123 366
123 381
123 401
123 427
123 457
123 462
123 507
123 519
123 521
123 572
123 586
123 587
124 134
124 157
124 162
124 182
124 186
124 212
124 273
124 293
124 295
124 310
124 324
124 344
124 352
124 390
124 435
124 470
124 504
124 511
124 513
124 520
124 526
124 534
124 544
124 553
124 584
124 591
124 595
124 598
125 142
125 195
125 208
125 264
125 297
125 348
125 351
125 369
125 379
125 412
125 431
125 443
125 450
125 484
125 536
125 555
125 559
125 567
125 596
126 127
126 172
126 215
126 229
126 243
126 305
126 312
126 354
126 359
126 418
126 438
126 493
126 503
126 514
126 520
126 564
126 593
127 140
127 142
127 195
127 219
127 234
127 239
127 276
127 293
127 315
127 328
127 368
127 408
127 409
127 455
127 543
127 551
127 557
127 561
127 579
127 592
127 595
128 130
128 153
128 182
128 242
128 260
128 280
128 285
128 299
128 312
128 323
128 374
128 409
128 423
128 481
128 493
128 526
128 559
129 149
129 171
129 261
129 272
129 312
129 334
129 347
129 349
129 441
129 450
129 458
129 500
129 502
129 520
129 543
129 559
129 571
129 586
130 138
130 142
130 172
130 214
130 224
130 250
130 256
130 294
130 308
130 320
130 350
130 351
130 409
130 426
130 441
130 493
130 511
130 512
130 563
130 595
130 599
131 134
131 146
131 154
131 189
131 204
131 252
131 291
131 292
131 310
131 319
131 329
131 353
131 356
131 366
131 371
131 375
131 386
131 402
131 427
131 434
131 439
131 448
131 453
131 457
131 465
132 133
132 166
132 244
132 246
132 270
132 350
132 357
132 400
132 406
132 419
132 423
132 443
132 469
132 495
132 530
132 540
132 546
132 563
132 570
132 586
133 185
133 219
133 248
133 353
133 362
133 407
133 421
133 433
133 442
133 458
133 480
133 528
133 550
134 145
134 169
134 177
134 188
134 197
134 208
134 214
134 230
134 244
134 245
134 250
134 256
134 268
134 307
134 310
134 445
134 454
134 529
134 563
134 566
135 139
135 187
135 190
135 191
135 204
135 224
135 232
135 268
135 295
135 339
135 384
135 397
135 398
135 453
135 505
135 540
135 590
136 137
136 154
136 168
136 194
136 217
136 247
136 249
136 279
136 327
136 337
136 420
136 423
136 497
136 506
136 523
136 542
136 543
136 573
137 138
137 207
137 212
137 218
137 248
137 262
137 270
137 282
137 285
137 328
137 349
137 354
137 360
137 384
137 411
137 420
137 471
137 486
137 508
137 533
137 537
137 560
138 145
138 146
138 156
138 207
138 250
138 265
138 279
138 297
138 336
138 339
138 350
138 354
138 356
138 405
138 454
138 463
138 490
138 496
138 522
138 546
138 554
138 564
139 141
139 205
139 273
139 318
139 319
139 374
139 379
139 396
139 421
139 426
139 438
139 446
139 454
139 514
139 517
139 585
139 586
140 201
140 203
140 204
140 271
140 303
140 323
140 384
140 385
140 396
140 447
140 516
140 530
140 538
140 584
141 142
141 153
141 217
141 219
141 221
141 236
141 286
141 302
141 323
141 357
141 384
141 391
141 445
141 449
141 483
141 485
141 490
141 495
141 513
141 520
141 527
141 555
141 563
141 580
142 145
142 155
142 162
142 166
142 182
142 207
142 238
142 296
142 372
142 419
142 423
142 425
142 461
142 503
142 511
142 541
142 552
142 560
143 162
143 163
143 221
143 255
143 286
143 312
143 313
143 326
143 360
143 365
143 366
143 375
143 377
143 406
143 426
143 458
143 494
143 516
143 529
143 553
143 572
144 145
144 157
144 216
144 264
144 287
144 318
144 354
144 359
144 368
144 442
144 446
144 499
144 518
144 532
144 547
144 573
144 583
144 597
145 163
145 179
145 215
145 220
145 237
145 275
145 334
145 345
145 399
145 438
145 455
145 457
145 461
145 497
145 530
145 537
145 550
145 569
145 578
145 580
145 585
145 588
146 147
146 154
146 195
146 291
146 366
146 376
146 377
146 384
146 404
146 414
146 436
146 460
146 491
146 513
146 518
146 547
146 548
146 580
147 180
147 187
147 205
147 256
147 258
147 326
147 341
147 349
147 352
147 403
147 427
147 429
147 494
147 512
147 533
147 573
147 589
148 191
148 232
148 277
148 286
148 287
148 342
148 372
148 431
148 539
148 568
148 569
148 588
149 152
149 162
149 167
149 230
149 251
149 267
149 270
149 271
149 325
149 331
149 394
149 402
149 403
149 421
149 455
149 463
149 506
149 553
149 583
149 584
149 595
150 158
150 193
150 207
150 229
150 243
150 301
150 311
150 338
150 344
150 414
150 440
150 441
150 442
150 463
150 475
150 509
150 523
150 542
150 586
151 168
151 230
151 231
151 354
151 365
151 383
151 411
151 414
151 445
151 473
151 485
152 204
152 235
152 261
152 278
152 289
152 308
152 353
152 370
152 374
152 386
152 405
152 406
152 408
152 426
152 440
152 484
152 500
152 563
152 575
152 595
153 155
153 160
153 164
153 169
153 206
153 216
153 225
153 303
153 335
153 336
153 386
153 435
153 440
153 463
153 506
153 519
153 525
153 558
154 163
154 166
154 167
154 175
154 205
154 209
154 227
154 230
154 251
154 254
154 278
154 300
154 313
154 326
154 347
154 366
154 379
154 395
154 399
154 400
154 410
154 422
154 454
154 474
154 479
154 492
154 526
154 556
154 558
155 162
155 183
155 208
155 280
155 294
155 309
155 315
155 324
155 356
155 379
155 418
155 424
155 431
155 439
155 469
155 525
155 528
155 533
155 536
155 540
155 550
155 560
155 583
155 594
155 599
156 178
156 184
156 187
156 189
156 231
156 235
156 238
156 275
156 288
156 301
156 333
156 336
156 341
156 357
156 383
156 413
156 434
156 460
156 536
156 538
156 554
156 562
156 587
156 588
157 159
157 170
157 182
157 213
157 284
157 285
157 287
157 301
157 310
157 354
157 361
157 368
157 369
157 373
157 425
157 447
157 470
157 484
157 495
157 512
157 572
158 176
158 222
158 235
158 246
158 247
158 282
158 296
158 309
158 345
158 347
158 354
158 392
158 435
158 502
158 548
158 560
158 571
159 218
159 264
159 265
159 272
159 312
159 357
159 365
159 387
159 414
159 419
159 447
159 460
159 485
159 497
159 515
159 537
159 543
160 161
160 180
160 197
160 200
160 248
160 255
160 269
160 307
160 323
160 350
160 392
160 427
160 460
160 493
160 507
160 522
160 525
160 530
160 536
160 549
160 558
160 567
160 571
161 201
161 279
161 292
161 313
161 315
161 320
161 371
161 423
161 491
161 517
161 519
161 588
161 596
162 164
162 170
162 205
162 227
162 237
162 253
162 288
162 326
162 337
162 378
162 402
162 407
162 410
162 475
162 477
162 481
162 491
162 508
162 517
162 538
162 557
162 563
162 585
163 179
163 206
163 217
163 249
163 268
163 353
163 428
163 447
163 457
163 472
163 475
163 487
163 526
163 528
163 532
163 546
163 580
163 592
163 595
164 173
164 177
164 265
164 272
164 293
164 306
164 317
164 365
164 393
164 400
164 413
164 450
164 459
164 470
164 523
164 534
164 538
164 567
164 579
165 175
165 192
165 210
165 227
165 238
165 239
165 262
165 278
165 300
165 312
165 334
165 335
165 380
165 413
165 483
165 502
165 513
165 514
165 536
165 554
165 563
165 589
166 198
166 206
166 208
166 211
166 221
166 236
166 266
166 281
166 285
166 296
166 297
166 314
166 368
166 380
166 388
166 415
166 437
166 454
166 458
166 479
166 485
166 512
167 205
167 238
167 246
167 261
167 263
167 264
167 286
167 356
167 366
167 409
167 431
167 449
167 454
167 546
167 595
168 193
168 213
168 256
168 257
168 288
168 301
168 310
168 363
168 376
168 401
168 403
168 424
168 427
168 434
168 441
168 459
168 478
168 479
168 484
168 495
168 505
168 511
168 551
168 569
168 585
169 195
169 198
169 222
169 232
169 255
169 302
169 332
169 335
169 367
169 379
169 400
169 430
169 431
169 443
169 498
169 522
169 543
169 559
169 588
169 598
170 172
170 222
170 224
170 229
170 279
170 344
170 414
170 416
170 421
170 430
170 432
170 448
170 469
170 569
171 187
171 190
171 192
171 212
171 214
171 240
171 244
171 267
171 336
171 339
171 356
171 365
171 430
171 452
171 486
171 505
171 517
171 519
171 529
171 535
171 561
171 583
172 177
172 187
172 223
172 269
172 335
172 380
172 401
172 408
172 420
172 453
172 528
173 190
173 205
173 209
173 233
173 239
173 268
173 324
173 328
173 329
173 345
173 379
173 388
173 413
173 417
173 430
173 449
173 462
173 537
173 558
173 565
174 204
174 241
174 243
174 258
174 265
174 290
174 303
174 325
174 326
174 347
174 361
174 384
174 398
174 407
174 426
174 446
174 447
174 454
174 458
174 479
174 499
174 504
174 515
174 537
175 193
175 209
175 242
175 279
175 283
175 285
175 288
175 308
175 358
175 375
175 411
175 432
175 525
175 551
175 561
175 565
176 177
176 181
176 193
176 195
176 200
176 204
176 233
176 248
176 258
176 259
176 264
176 297
176 364
176 399
176 425
176 474
176 555
176 568
177 187
177 197
177 244
177 260
177 328
177 335
177 347
177 359
177 378
177 381
177 390
177 417
177 420
177 426
177 499
177 513
177 529
177 559
177 564
177 565
177 584
177 591
178 187
178 196
178 209
178 218
178 230
178 282
178 307
178 385
178 490
178 528
178 530
178 579
178 597
179 202
179 254
179 310
179 361
179 417
179 427
179 436
179 466
179 554
179 590
179 591
180 182
180 217
180 276
180 318
180 337
180 372
180 375
180 378
180 382
180 472
180 482
180 504
180 509
180 527
180 557
180 585
180 600
181 184
181 237
181 277
181 300
181 309
181 310
181 340
181 353
181 357
181 394
181 410
181 421
181 427
181 443
181 445
181 491
181 496
181 525
181 528
181 551
181 588
182 210
182 217
182 298
182 307
182 330
182 354
182 356
182 363
182 388
182 418
182 495
182 498
182 501
182 517
182 538
183 187
183 197
183 209
183 223
183 224
183 280
183 287
183 291
183 300
183 327
183 385
183 407
183 434
183 460
183 465
183 496
183 527
183 551
183 581
183 584
184 201
184 204
184 205
184 218
184 262
184 326
184 337
184 381
184 382
184 386
184 435
184 441
184 486
184 519
184 538
184 555
184 566
184 579
184 586
185 204
185 205
185 210
185 243
185 246
185 286
185 302
185 322
185 378
185 414
185 440
185 455
185 467
185 476
185 496
185 500
185 532
186 210
186 267
186 282
186 301
186 308
186 332
186 395
186 404
186 408
186 432
186 463
186 486
186 522
186 547
186 560
187 233
187 235
187 238
187 240
187 242
187 244
187 261
187 406
187 434
187 472
187 485
187 505
187 541
187 587
187 597
188 207
188 210
188 263
188 289
188 302
188 303
188 304
188 316
188 344
188 375
188 396
188 463
188 495
188 513
188 540
188 597
189 210
189 231
189 259
189 277
189 328
189 334
189 337
189 344
189 365
189 369
189 419
189 441
189 470
189 490
189 495
189 540
189 563
189 579
190 191
190 229
190 252
190 265
190 273
190 284
190 311
190 313
190 339
190 355
190 359
190 408
190 429
190 430
190 456
190 506
190 536
190 540
190 542
190 543
190 582
191 202
191 214
191 235
191 261
191 275
191 280
191 290
191 321
191 328
191 343
191 361
191 388
191 393
191 449
191 450
191 454
191 465
191 468
191 516
191 518
191 524
191 558
191 593
192 193
192 216
192 253
192 260
192 303
192 381
192 397
192 418
192 421
192 422
192 428
192 437
192 453
192 481
192 529
192 544
192 559
192 567
192 572
192 587
193 208
193 223
193 277
193 310
193 345
193 355
193 448
193 540
193 541
193 572
194 213
194 231
194 246
194 251
194 252
194 272
194 276
194 309
194 317
194 322
194 333
194 348
194 402
194 426
194 427
194 433
194 456
194 469
194 534
195 203
195 212
195 223
195 309
195 323
195 346
195 347
195 390
195 395
195 472
195 498
195 505
195 506
195 516
195 545
195 546
195 577
195 593
196 211
196 215
196 229
196 237
196 261
196 313
196 317
196 338
196 411
196 419
196 430
196 435
196 466
196 524
196 535
196 564
196 580
196 584
197 199
197 224
197 235
197 302
197 309
197 332
197 343
197 396
197 426
197 456
197 459
197 519
197 534
197 536
197 539
197 545
197 564
197 583
197 594
197 600
198 267
198 325
198 346
198 352
198 354
198 408
198 411
198 413
198 466
198 492
198 511
198 544
198 551
198 570
198 583
198 597
199 203
199 222
199 232
199 240
199 310
199 312
199 328
199 374
199 377
199 422
199 522
199 535
199 544
199 548
199 576
199 587
199 600
200 201
200 237
200 249
200 253
200 272
200 281
200 324
200 331
200 333
200 395
200 419
200 452
200 464
200 491
200 505
200 516
200 540
200 555
200 582
200 590
201 203
201 211
201 227
201 250
201 264
201 283
201 306
201 334
201 366
201 370
201 378
201 457
201 468
201 477
201 508
201 516
202 207
202 212
202 302
202 315
202 318
202 327
202 347
202 396
202 409
202 418
202 437
202 511
202 552
202 562
202 569
203 253
203 282
203 296
203 319
203 343
203 362
203 365
203 373
203 405
203 482
203 503
203 506
203 525
203 542
203 571
203 575
203 581
203 588
204 206
204 237
204 252
204 267
204 291
204 296
204 305
204 338
204 374
204 384
204 385
204 388
204 421
204 484
204 516
204 552
204 596
205 225
205 237
205 270
205 271
205 273
205 287
205 302
205 315
205 343
205 356
205 363
205 369
205 370
205 378
205 384
205 388
205 393
205 528
205 551
205 574
205 576
205 586
205 588
206 216
206 236
206 291
206 293
206 332
206 378
206 383
206 428
206 431
206 464
206 516
206 544
206 557
206 559
207 208
207 210
207 215
207 240
207 377
207 382
207 389
207 428
207 443
207 455
207 515
207 517
207 544
207 564
207 593
208 209
208 245
208 279
208 293
208 302
208 304
208 364
208 448
208 462
208 475
208 557
208 587
209 229
209 238
209 252
209 256
209 281
209 295
209 349
209 353
209 369
209 382
209 385
209 386
209 391
209 402
209 474
209 517
209 522
209 527
209 528
209 533
209 551
209 573
210 211
210 224
210 266
210 274
210 279
210 331
210 336
210 362
210 366
210 379
210 386
210 402
210 407
210 419
210 466
210 469
210 494
211 290
211 306
211 317
211 325
211 344
211 352
211 359
211 372
211 380
211 402
211 429
211 449
211 465
211 475
211 491
211 515
211 521
211 522
211 547
211 571
211 572
211 596
212 239
212 261
212 262
212 265
212 283
212 293
212 306
212 331
212 348
212 362
212 375
212 398
212 454
212 509
212 514
212 521
212 523
212 533
212 547
212 555
213 216
213 227
213 291
213 313
213 314
213 361
213 377
213 400
213 429
213 454
213 476
213 518
213 519
213 530
213 543
214 223
214 231
214 262
214 311
214 313
214 347
214 348
214 399
214 405
214 407
214 438
214 447
214 465
214 515
214 552
214 566
214 576
214 590
214 591
215 259
215 281
215 289
215 324
215 352
215 383
215 386
215 420
215 427
215 464
215 475
215 500
215 501
215 573
215 600
216 239
216 263
216 312
216 318
216 358
216 406
216 423
216 449
216 457
216 467
216 480
216 532
216 546
216 551
216 569
216 581
217 225
217 233
217 336
217 355
217 387
217 406
217 467
217 472
217 493
217 546
217 561
217 570
217 588
218 220
218 226
218 228
218 240
218 265
218 272
218 304
218 340
218 350
218 357
218 375
218 394
218 414
218 420
218 445
218 446
218 447
218 474
218 515
218 553
218 554
219 220
219 229
219 249
219 281
219 295
219 325
219 362
219 392
219 480
219 520
219 597
220 230
220 241
220 244
220 252
220 265
220 284
220 296
220 300
220 322
220 330
220 381
220 438
220 439
220 454
220 479
220 488
220 493
220 495
220 564
220 579
220 600
221 265
221 272
221 281
221 313
221 331
221 386
221 408
221 411
221 435
221 459
221 465
221 502
221 508
221 510
221 523
221 540
221 558
221 564
221 566
221 568
222 224
222 227
222 273
222 287
222 313
222 315
222 326
222 378
222 394
222 425
222 448
222 456
222 465
222 466
222 473
222 513
222 525
222 535
222 562
222 578
223 261
223 270
223 280
223 355
223 371
223 424
223 432
223 461
223 474
223 479
223 528
223 539
223 551
223 589
223 597
224 243
224 267
224 272
224 281
224 289
224 312
224 322
224 328
224 346
224 350
224 362
224 387
224 417
224 441
224 446
224 569
224 590
225 228
225 260
225 262
225 284
225 291
225 316
225 329
225 335
225 386
225 413
225 422
225 441
225 455
225 494
225 495
225 504
225 515
225 526
225 530
225 542
225 549
225 555
226 227
226 231
226 237
226 263
226 267
226 282
226 288
226 295
226 332
226 353
226 368
226 452
226 477
226 482
226 497
226 528
226 597
226 600
227 250
227 274
227 288
227 290
227 343
227 371
227 374
227 418
227 439
227 458
227 465
227 471
227 473
227 485
227 507
227 527
227 529
227 560
228 267
228 329
228 338
228 355
228 358
228 410
228 468
228 484
228 507
229 236
229 258
229 264
229 305
229 365
229 387
229 438
229 463
229 470
229 472
229 534
229 591
230 248
230 290
230 316
230 373
230 383
230 387
230 435
230 459
230 465
230 486
230 494
230 500
230 533
230 534
230 537
230 573
230 592
231 266
231 267
231 270
231 276
231 280
231 292
231 301
231 307
231 324
231 329
231 354
231 380
231 388
231 464
231 511
231 536
231 539
231 579
231 581
232 234
232 237
232 328
232 338
232 394
232 413
232 460
232 498
232 502
232 503
232 513
232 530
232 547
232 551
232 572
232 574
232 599
233 294
233 303
233 317
233 318
233 357
233 393
233 403
233 404
233 472
233 570
233 577
234 268
234 283
234 284
234 294
234 312
234 315
234 336
234 376
234 433
234 466
234 473
234 486
234 572
234 599
235 239
235 251
235 288
235 292
235 305
235 323
235 335
235 347
235 354
235 358
235 384
235 400
235 410
235 429
235 507
235 522
235 562
235 565
235 567
235 572
236 238
236 264
236 284
236 303
236 337
236 363
236 371
236 413
236 422
236 438
236 442
236 443
236 452
236 469
236 470
236 494
236 495
237 241
237 272
237 275
237 321
237 324
237 334
237 368
237 372
237 389
237 413
237 431
237 442
237 447
237 475
237 479
237 492
237 500
237 514
237 536
237 599
238 253
238 329
238 371
238 381
238 388
238 401
238 439
238 556
238 558
238 559
238 578
239 335
239 340
239 369
239 404
239 417
239 419
239 434
239 441
239 449
239 454
239 496
239 503
239 518
239 520
239 554
239 566
240 242
240 247
240 258
240 261
240 266
240 283
240 335
240 340
240 364
240 383
240 422
240 425
240 441
240 452
240 479
240 504
240 555
240 565
240 571
240 585
240 593
241 248
241 283
241 340
241 354
241 406
241 412
241 421
241 436
241 444
241 459
241 467
241 494
241 505
241 512
241 550
241 572
241 599
242 254
242 339
242 356
242 377
242 390
242 436
242 481
242 483
242 509
242 513
242 531
242 535
242 581
242 587
243 313
243 342
243 385
243 393
243 412
243 430
243 431
243 441
243 470
243 475
243 476
243 490
243 511
243 544
243 597
243 598
244 245
244 277
244 446
244 477
244 479
244 497
244 513
244 530
244 589
245 254
245 488
245 490
245 551
245 575
246 247
246 329
246 366
246 383
246 387
246 396
246 399
246 417
246 477
246 485
246 487
246 522
246 580
246 584
246 592
247 272
247 275
247 286
247 336
247 372
247 374
247 378
247 416
247 417
247 420
247 451
247 467
247 491
247 511
247 532
247 570
248 256
248 274
248 284
248 294
248 302
248 318
248 323
248 351
248 379
248 476
248 477
248 508
248 556
248 560
248 569
248 588
248 592
249 285
249 303
249 311
249 334
249 336
249 343
249 375
249 380
249 402
249 406
249 408
249 427
249 429
249 465
249 469
249 502
249 559
249 574
250 252
250 279
250 282
250 297
250 320
250 329
250 366
250 374
250 381
250 396
250 417
250 444
250 495
250 497
250 508
250 514
250 528
250 553
251 271
251 312
251 323
251 359
251 409
251 424
251 427
251 430
251 433
251 442
251 454
251 490
251 500
251 529
251 533
251 556
251 571
252 254
252 493
252 505
252 538
252 546
253 281
253 352
253 398
253 411
253 413
253 414
253 431
253 444
253 497
253 505
253 511
253 514
253 539
253 585
254 282
254 391
254 398
254 418
254 430
254 483
254 486
254 524
254 527
254 539
254 542
254 557
254 564
254 566
255 258
255 260
255 280
255 290
255 291
255 292
255 299
255 303
255 323
255 327
255 342
255 343
255 356
255 368
255 374
255 376
255 382
255 420
255 436
255 441
255 498
255 502
255 507
255 534
255 559
255 560
255 567
256 265
256 271
256 279
256 309
256 359
256 395
256 396
256 412
256 416
256 425
256 441
256 506
256 507
256 509
256 511
256 589
257 334
257 351
257 360
257 382
257 387
257 403
257 430
257 432
257 464
257 482
257 502
257 583
257 598
258 273
258 275
258 288
258 295
258 316
258 348
258 383
258 384
258 409
258 426
258 458
258 493
258 541
258 569
259 267
259 287
259 306
259 310
259 336
259 349
259 432
259 465
259 507
259 584
260 261
260 281
260 386
260 394
260 438
260 506
260 515
260 580
260 594
261 263
261 328
261 348
261 352
261 367
261 380
261 387
261 406
261 414
261 415
261 437
261 460
261 510
261 562
261 595
262 274
262 282
262 305
262 330
262 361
262 372
262 415
262 427
262 440
262 492
262 536
262 545
262 553
263 275
263 304
263 307
263 335
263 360
263 363
263 425
263 440
263 458
263 488
263 525
263 526
263 584
263 585
263 600
264 265
264 267
264 272
264 281
264 286
264 305
264 333
264 335
264 336
264 345
264 384
264 411
264 417
264 424
264 432
264 436
264 440
264 446
264 451
264 504
264 512
264 530
264 567
264 596
265 300
265 320
265 322
265 376
265 395
265 400
265 458
265 504
265 530
265 561
265 583
265 600
266 282
266 288
266 357
266 395
266 450
266 456
266 511
266 568
267 269
267 299
267 305
267 308
267 313
267 315
267 388
267 397
267 436
267 458
267 494
267 523
267 540
267 562
267 589
268 274
268 297
268 300
268 318
268 319
268 351
268 357
268 358
268 381
268 396
268 407
268 409
268 431
268 450
268 462
268 489
268 499
268 539
268 557
268 565
269 296
269 300
269 302
269 318
269 324
269 341
269 363
269 404
269 409
269 445
269 549
269 589
269 599
270 271
270 275
270 291
270 295
270 312
270 328
270 423
270 424
270 434
270 475
270 513
270 542
270 565
270 581
270 599
271 273
271 367
271 412
271 430
271 433
271 480
271 565
271 576
271 592
272 276
272 289
272 328
272 329
272 350
272 351
272 403
272 404
272 457
272 516
272 542
272 583
273 298
273 326
273 384
273 390
273 395
273 467
273 584
274 306
274 328
274 349
274 394
274 405
274 407
274 422
274 495
274 587
274 600
275 277
275 302
275 312
275 353
275 382
275 390
275 409
275 446
275 450
275 451
275 502
276 297
276 373
276 385
276 395
276 407
276 441
276 465
276 482
276 499
276 504
276 534
276 549
276 583
277 286
277 326
277 342
277 343
277 371
277 374
277 400
277 427
277 432
277 443
277 451
277 467
277 475
277 478
277 539
277 554
277 583
277 588
278 279
278 288
278 298
278 332
278 344
278 384
278 393
278 473
278 504
278 505
278 509
278 510
278 545
278 558
278 560
278 596
278 600
279 334
279 369
279 400
279 411
279 415
279 432
279 465
279 472
279 520
279 533
280 283
280 293
280 311
280 336
280 348
280 418
280 425
280 449
280 464
280 529
280 530
280 536
280 546
280 547
280 557
280 588
280 600
281 293
281 349
281 422
281 433
281 444
281 498
281 505
281 507
281 526
281 580
281 593
282 289
282 428
282 438
282 497
282 501
282 507
283 287
283 290
283 300
283 326
283 334
283 364
283 376
283 422
283 459
283 495
283 565
284 285
284 335
284 374
284 384
284 457
284 489
284 498
284 506
284 549
284 555
284 561
285 289
285 290
285 301
285 385
285 396
285 397
285 419
285 458
285 488
285 489
285 503
285 505
285 516
285 524
285 538
285 539
285 593
286 301
286 334
286 338
286 374
286 384
286 385
286 394
286 407
286 416
286 430
286 453
286 497
286 514
286 539
286 547
286 557
286 571
287 291
287 309
287 310
287 359
287 379
287 384
287 409
287 410
287 434
287 442
287 463
287 469
287 476
287 484
287 518
287 562
287 590
288 290
288 301
288 304
288 317
288 391
288 402
288 407
288 414
288 439
288 454
288 458
288 492
288 533
288 544
288 597
289 293
289 328
289 329
289 382
289 392
289 412
289 433
289 477
289 478
289 480
289 486
289 492
289 498
289 513
289 552
289 583
290 345
290 364
290 367
290 380
290 389
290 393
290 394
290 410
290 449
290 504
290 517
290 523
290 542
290 545
290 554
290 567
290 578
290 579
290 588
291 309
291 323
291 328
291 329
291 343
291 347
291 351
291 354
291 379
291 382
291 388
291 415
291 452
291 468
291 499
291 556
291 573
291 586
292 311
292 416
292 422
292 427
292 450
292 462
292 468
292 515
292 533
292 542
292 569
292 579
292 591
292 597
293 340
293 401
293 468
293 492
293 575
293 578
293 584
294 299
294 308
294 333
294 347
294 379
294 400
294 440
294 483
294 492
294 519
294 532
294 540
294 549
294 593
295 296
295 345
295 348
295 355
295 386
295 500
295 507
295 526
295 528
295 591
296 300
296 393
296 415
296 447
296 462
296 484
296 492
296 559
296 562
296 564
297 298
297 299
297 301
297 321
297 326
297 338
297 356
297 407
297 414
297 453
297 457
297 480
297 488
298 326
298 328
298 359
298 365
298 370
298 415
298 431
298 513
298 541
298 571
298 573
299 315
299 317
299 363
299 385
299 415
299 419
299 428
299 431
299 515
299 551
299 563
299 572
299 588
300 301
300 312
300 360
300 367
300 376
300 384
300 426
300 433
300 479
300 485
300 565
301 312
301 321
301 331
301 349
301 364
301 414
301 429
301 443
301 454
301 490
301 493
301 530
301 537
301 544
301 546
301 573
301 583
302 323
302 324
302 332
302 366
302 386
302 389
302 418
302 442
302 462
302 490
302 499
302 536
302 544
302 558
302 559
302 588
302 599
303 304
303 381
303 386
303 389
303 401
303 410
303 423
303 431
303 445
303 459
303 463
303 489
303 498
303 522
303 524
303 559
303 580
303 599
304 334
304 338
304 374
304 381
304 384
304 392
304 396
304 425
304 439
304 465
304 471
304 475
304 480
304 492
304 534
304 568
304 584
305 307
305 315
305 358
305 376
305 406
305 407
305 444
305 480
305 494
305 495
305 518
305 564
305 566
305 570
306 326
306 342
306 426
306 429
306 465
306 506
306 535
306 545
306 549
306 594
306 600
307 332
307 347
307 430
307 449
307 456
307 462
307 522
307 548
308 311
308 357
308 377
308 384
308 389
308 394
308 407
308 414
308 537
308 573
309 320
309 322
309 347
309 396
309 401
309 410
309 430
309 439
309 447
309 462
309 483
309 581
310 352
310 381
310 395
310 411
310 413
310 414
310 422
310 498
310 503
310 546
310 586
311 327
311 342
311 357
311 413
311 427
311 482
311 536
311 558
311 565
312 313
312 346
312 350
312 369
312 380
312 398
312 412
312 413
312 440
312 478
312 485
312 538
312 599
313 340
313 349
313 354
313 478
313 479
313 482
313 489
313 501
313 502
313 568
313 571
314 324
314 365
314 447
314 451
314 454
314 473
314 486
314 516
314 560
314 598
315 336
315 381
315 433
315 438
315 453
315 520
315 526
315 536
315 544
315 552
315 571
316 317
316 328
316 433
316 458
316 461
316 479
316 492
316 495
316 577
316 597
317 340
317 355
317 360
317 371
317 410
317 417
317 474
317 484
317 505
317 528
317 535
317 584
318 319
318 333
318 339
318 385
318 389
318 391
318 412
318 425
318 429
318 435
318 443
318 458
318 475
318 523
318 539
318 557
318 558
318 573
318 583
319 393
319 397
319 436
319 439
319 458
319 507
319 513
319 515
319 541
319 558
319 581
319 599
320 340
320 341
320 363
320 370
320 433
320 521
320 543
320 549
320 564
321 326
321 384
321 430
321 452
321 470
321 497
321 511
321 518
322 348
322 351
322 399
322 404
322 425
322 443
322 455
322 486
322 492
323 325
323 337
323 360
323 365
323 384
323 430
323 461
323 480
323 496
323 507
324 334
324 346
324 355
324 365
324 388
324 407
324 408
324 473
324 526
324 563
324 597
325 338
325 376
325 427
325 433
325 438
325 448
325 450
325 480
325 497
325 510
325 525
325 539
325 561
325 583
326 378
326 389
326 419
326 427
326 440
326 457
326 476
326 492
326 510
326 567
326 582
327 337
327 355
327 370
327 421
327 452
327 456
327 467
327 491
327 498
327 504
327 510
327 567
328 329
328 352
328 368
328 372
328 378
328 396
328 402
328 433
328 518
328 548
328 553
329 334
329 352
329 365
329 399
329 421
329 440
329 450
329 451
329 477
329 483
329 505
329 525
329 587
330 350
330 402
330 435
330 455
330 468
330 503
330 510
330 548
330 569
330 596
331 332
331 359
331 360
331 375
331 403
331 409
331 433
331 437
331 440
331 451
331 457
331 469
331 545
331 557
331 565
332 339
332 411
332 475
332 484
332 486
332 487
332 494
332 508
332 590
333 334
333 347
333 378
333 397
333 506
333 520
333 577
333 584
333 589
334 337
334 359
334 369
334 375
334 381
334 409
334 427
334 471
334 499
334 596
335 336
335 341
335 387
335 400
335 404
335 439
335 483
335 497
335 537
335 558
335 592
336 366
336 386
336 436
336 499
336 532
336 552
336 566
336 570
337 343
337 355
337 405
337 429
337 551
337 571
337 577
338 340
338 359
338 391
338 428
338 476
338 497
338 510
338 514
338 527
338 591
339 344
339 380
339 419
339 424
339 426
339 429
339 458
339 485
339 519
339 534
339 568
339 596
340 363
340 364
340 385
340 396
340 419
340 433
340 489
340 506
340 539
340 562
340 588
341 343
341 381
341 438
341 453
341 462
341 478
341 497
341 503
341 511
341 557
341 568
341 571
341 576
342 368
342 384
342 386
342 389
342 440
342 505
342 521
342 582
343 349
343 430
343 441
343 458
343 466
343 491
343 513
343 519
343 525
343 526
343 573
344 348
344 358
344 363
344 367
344 368
344 372
344 375
344 409
344 443
344 448
344 454
344 537
345 349
345 377
345 412
345 414
345 493
345 537
345 580
345 590
345 594
345 596
346 368
346 393
346 439
346 444
346 461
346 472
346 480
346 493
346 504
346 589
346 600
347 371
347 446
347 478
347 488
347 517
347 520
347 527
347 540
347 565
347 577
347 582
347 586
348 397
348 429
348 435
348 485
348 500
348 502
348 507
348 516
348 518
348 525
348 544
348 568
348 576
348 578
349 350
349 392
349 433
349 434
349 445
349 450
349 562
349 567
350 364
350 386
350 401
350 463
350 464
350 465
350 494
350 518
350 537
350 577
351 354
351 365
351 366
351 382
351 387
351 450
351 464
351 471
351 476
351 502
351 528
351 533
351 539
351 552
351 562
351 586
351 591
352 364
352 401
352 461
352 525
352 528
352 564
352 592
353 362
353 363
353 375
353 386
353 446
353 452
353 458
353 474
353 578
353 586
354 360
354 395
354 424
354 426
354 446
354 447
354 451
354 456
354 465
354 466
354 468
354 502
354 559
354 593
355 356
355 413
355 449
355 463
355 480
355 491
355 498
355 499
355 509
355 514
355 523
355 538
355 552
355 578
356 368
356 430
356 542
356 543
356 551
356 552
357 370
357 424
357 430
357 503
357 593
358 360
358 381
358 422
358 448
358 476
358 495
358 500
358 529
358 588
358 591
358 595
358 599
359 364
359 390
359 439
359 449
359 450
359 486
359 508
359 587
359 600
360 389
360 423
360 432
360 452
360 453
360 519
360 560
360 575
360 594
361 362
361 408
361 420
361 422
361 490
361 502
361 516
361 520
361 542
361 545
362 381
362 386
362 387
362 406
362 432
362 472
362 479
362 480
362 490
362 517
362 518
362 520
362 530
362 578
362 582
362 589
363 365
363 407
363 428
363 448
363 461
363 492
363 512
363 565
363 569
363 577
364 421
364 429
364 461
364 535
364 561
364 562
364 592
365 374
365 404
365 454
365 525
365 533
365 550
366 380
366 381
366 400
366 413
366 416
366 418
366 424
366 455
366 458
366 486
366 528
366 540
366 561
366 583
366 593
367 368
367 374
367 428
367 433
367 513
367 548
368 369
368 384
368 391
368 420
368 421
368 483
368 503
368 538
368 572
368 584
369 386
369 399
369 417
369 438
369 453
369 462
369 468
369 469
369 478
369 527
369 528
369 538
369 550
369 581
369 592
370 371
370 373
370 389
370 432
370 484
370 504
370 506
370 521
370 528
370 538
370 569
370 596
371 376
371 391
371 394
371 445
371 473
371 506
371 508
371 528
371 529
371 551
372 375
372 379
372 395
372 400
372 417
372 445
372 504
372 521
372 526
372 527
372 556
372 582
372 590
373 402
373 431
373 439
373 482
373 502
373 509
373 513
373 536
373 548
373 566
373 592
374 390
374 465
374 544
374 545
374 562
374 563
374 576
374 589
374 597
375 379
375 470
375 488
375 515
375 544
375 563
375 565
375 581
375 586
376 377
376 378
376 382
376 402
376 408
376 447
376 508
376 552
376 573
377 457
377 496
377 513
377 516
377 531
378 379
378 398
378 458
378 462
378 484
378 486
378 532
378 547
378 563
378 570
379 416
379 438
379 455
379 516
379 526
379 555
379 568
379 580
380 386
380 394
380 442
380 478
380 481
380 496
380 516
380 538
380 567
380 571
380 598
381 386
381 390
381 422
381 455
381 460
381 479
381 499
381 501
381 517
381 518
381 522
381 555
381 572
382 396
382 450
382 486
382 491
382 514
382 532
382 558
382 559
382 564
383 445
383 474
383 484
383 529
383 568
384 387
384 426
384 429
384 509
384 536
384 542
384 584
385 413
385 435
385 447
385 474
385 527
385 536
385 584
385 599
386 453
386 459
386 460
386 477
386 530
386 555
386 559
386 596
387 388
387 438
387 454
387 468
387 498
387 516
387 584
387 590
388 454
388 460
388 483
388 493
388 558
388 560
388 562
389 404
389 523
389 536
389 555
389 576
389 587
390 408
390 435
390 443
390 485
390 499
390 512
390 514
391 411
391 429
391 505
391 559
391 594
392 412
392 451
392 472
392 473
392 483
392 489
392 504
392 587
392 592
393 394
393 434
393 441
393 454
393 509
393 545
393 547
394 448
394 455
394 460
394 508
394 584
395 451
395 473
395 489
395 506
395 545
396 400
396 409
396 420
396 435
396 457
396 462
396 501
396 502
396 514
396 564
396 571
396 577
397 399
397 407
397 469
397 473
397 534
397 568
397 576
397 584
398 421
398 440
398 447
398 470
398 535
398 560
398 565
398 567
398 594
399 406
399 414
399 432
399 447
399 451
399 471
399 479
399 484
399 548
399 563
399 578
399 598
400 406
400 450
400 454
400 466
400 509
400 516
400 589
401 419
401 420
401 426
401 478
401 524
401 541
401 549
401 557
401 584
401 593
401 595
402 477
402 500
402 529
402 542
402 564
402 596
403 406
403 420
403 426
403 431
403 445
403 473
403 479
403 498
403 533
403 572
403 592
404 458
404 494
404 511
404 579
404 586
405 504
405 520
405 538
405 539
405 543
405 560
405 566
406 426
406 446
406 453
406 527
406 570
406 586
406 589
406 594
407 408
407 415
407 430
407 448
407 456
407 528
407 535
407 567
407 581
408 419
408 495
408 517
408 535
408 540
408 541
408 561
408 568
409 416
409 417
409 423
409 431
409 434
409 471
409 487
409 525
409 536
409 562
409 589
409 597
410 412
410 424
410 456
410 471
410 521
410 522
410 530
411 426
411 473
411 498
411 503
411 510
411 514
411 534
411 553
411 561
411 586
412 427
412 438
412 446
412 459
412 471
412 482
412 549
412 556
412 558
412 564
412 567
412 581
412 589
413 422
413 429
413 470
413 506
413 530
413 537
413 550
413 566
414 415
414 449
414 483
414 501
414 506
414 514
414 560
414 564
415 418
415 443
415 478
415 491
415 502
415 557
415 592
415 596
416 433
416 440
416 449
416 456
416 479
416 485
416 509
416 581
417 419
417 477
417 504
417 535
417 562
417 569
417 587
418 419
418 428
418 434
418 484
418 495
419 476
419 508
419 547
419 560
419 571
419 580
420 474
420 505
420 522
420 529
420 542
420 545
420 552
420 554
421 423
421 537
421 545
421 557
422 435
422 453
422 454
422 469
422 477
422 489
422 507
422 508
422 510
422 530
422 582
423 428
423 438
423 441
423 458
423 509
423 513
423 567
423 593
424 448
424 505
424 512
424 539
424 546
424 548
424 559
424 582
425 427
425 431
425 435
425 486
425 497
425 511
425 522
425 575
426 427
426 430
426 432
426 435
426 440
426 473
426 475
426 494
426 541
426 574
426 575
426 595
426 597
427 432
427 510
427 576
427 585
428 429
428 455
428 464
428 467
428 477
428 488
428 505
428 522
428 570
429 485
429 502
429 512
429 521
429 537
429 540
429 582
429 587
430 451
430 475
430 481
430 500
430 510
430 589
431 483
431 507
431 513
431 560
431 581
432 433
432 490
432 515
432 546
432 558
432 569
433 440
433 459
433 464
433 466
433 483
433 485
433 524
433 572
433 593
434 448
434 456
434 467
434 469
434 481
434 512
434 559
434 576
434 591
435 445
435 454
435 459
435 461
435 482
435 495
435 537
435 549
435 566
435 570
435 595
436 439
436 545
436 547
436 554
436 558
436 565
437 450
437 458
437 462
437 468
437 474
437 475
437 480
437 489
437 507
437 528
437 576
438 472
438 494
438 496
438 505
438 506
438 520
438 540
438 590
439 473
439 536
439 579
440 487
440 566
440 581
441 443
441 445
441 491
441 534
441 560
441 595
442 463
442 511
442 522
442 527
442 531
442 563
443 500
443 546
443 549
444 445
444 462
444 471
444 507
444 547
444 569
444 572
444 584
444 600
445 450
445 456
445 467
445 499
445 549
445 569
445 572
446 461
446 521
446 527
446 579
446 582
446 595
447 449
447 451
447 460
447 465
447 483
447 488
447 499
447 513
447 522
447 530
447 567
448 461
448 473
448 513
448 515
448 521
448 533
448 583
448 591
449 480
449 535
449 544
449 572
449 580
450 490
450 532
450 534
450 537
450 588
450 592
451 489
451 504
451 551
451 559
451 566
451 589
452 474
452 491
452 515
452 519
452 521
452 543
452 550
453 455
453 475
453 491
453 585
453 595
454 475
454 513
454 519
454 555
454 573
455 458
455 469
455 544
455 580
455 581
456 457
456 460
456 463
456 465
456 513
456 524
456 526
456 581
456 592
456 596
457 472
457 583
457 591
457 600
458 474
458 497
458 515
458 524
458 546
458 566
458 586
459 480
459 487
459 492
459 519
459 522
459 538
459 558
459 597
460 462
460 471
460 520
460 526
460 540
460 562
460 572
460 597
461 463
461 482
461 484
461 489
461 497
461 555
462 488
462 515
462 561
463 468
463 569
463 592
464 513
464 522
464 543
464 588
465 469
465 490
465 523
465 529
465 571
466 472
466 476
466 484
466 494
466 521
466 558
467 476
467 490
467 546
467 561
467 577
468 524
468 543
468 568
468 577
469 561
469 578
469 580
469 588
470 487
470 517
470 520
470 526
470 530
470 562
470 567
470 598
471 480
471 526
471 553
472 485
472 533
472 542
472 560
472 569
472 600
473 487
473 490
473 524
473 555
473 571
473 582
473 599
474 484
474 507
474 520
474 539
474 544
474 571
474 581
474 596
475 488
475 499
475 530
475 554
475 577
476 485
476 497
476 542
476 549
476 552
476 568
477 481
477 495
477 496
477 503
477 519
477 531
477 583
477 585
477 596
478 499
478 552
478 573
478 593
479 503
479 515
479 521
479 522
479 541
479 545
479 549
479 582
479 587
479 595
480 481
480 484
480 495
480 517
480 581
480 597
481 493
481 505
481 524
481 581
482 485
482 500
482 507
482 545
482 570
482 572
482 595
482 597
483 496
483 506
483 531
483 549
483 563
483 573
484 487
484 499
484 548
484 551
484 579
485 498
485 536
486 518
486 520
486 537
486 543
486 585
486 595
486 599
487 539
487 553
487 570
488 492
488 497
488 505
488 533
488 563
488 591
488 596
489 532
489 554
489 568
489 584
490 498
490 505
490 519
490 522
490 535
490 547
490 570
490 580
490 590
490 592
490 600
491 495
491 522
491 536
491 598
492 537
493 494
493 498
493 504
493 514
493 525
493 527
493 553
493 555
494 550
494 555
494 557
495 582
496 517
496 554
496 584
497 533
497 536
497 558
497 573
497 583
497 597
498 499
498 502
498 547
499 520
499 537
499 550
499 579
499 587
500 507
500 524
500 569
500 578
501 502
501 520
501 524
501 551
501 588
501 598
502 513
502 531
502 569
503 518
503 520
503 546
503 586
503 599
504 505
504 593
505 520
505 525
505 532
505 545
505 566
505 577
505 579
506 507
506 536
506 558
506 565
506 580
506 587
507 511
507 513
507 514
507 584
508 517
508 535
508 553
508 563
508 577
508 593
508 594
509 570
510 516
510 532
510 541
510 545
510 555
510 568
510 578
510 581
510 587
510 590
511 515
511 559
512 527
512 570
513 558
513 573
514 520
514 600
515 520
515 534
515 546
515 566
517 523
517 569
517 589
518 522
518 528
518 551
518 552
519 522
519 581
519 597
520 560
520 598
521 523
521 538
521 571
521 573
522 530
522 546
523 542
523 547
523 592
523 597
524 531
524 552
524 577
525 527
525 540
525 548
525 549
526 532
526 544
526 548
526 555
526 564
527 533
527 552
527 566
527 571
529 531
529 553
529 557
530 556
530 585
531 544
531 547
531 564
531 570
531 579
532 536
532 546
533 551
533 595
534 536
534 538
534 540
534 584
535 542
535 574
535 583
536 544
536 588
537 557
537 581
538 558
538 579
538 592
539 574
539 590
540 541
540 550
541 571
541 580
542 563
543 594
544 555
544 565
544 590
545 546
545 547
545 586
545 593
545 594
546 551
547 550
547 575
547 590
547 592
549 550
549 575
550 551
550 553
550 562
550 584
550 591
552 553
552 559
552 561
552 565
552 595
554 578
554 585
555 560
556 595
556 596
557 583
557 598
558 573
558 590
559 600
560 563
560 593
561 565
562 588
563 570
563 579
565 591
566 580
567 579
567 593
568 569
568 573
568 576
568 598
569 586
569 587
569 600
571 577
571 599
572 582
573 584
573 588
573 599
574 592
576 580
576 596
576 598
577 587
577 591
578 598
579 582
579 588
579 589
579 590
581 598
582 583
582 596
583 598
584 586
585 587
588 595
589 598
590 599
590 600
596 598
599 600
