700
9176
1 7
1 8
1 43
1 48
1 53
1 61
1 85
1 94
1 109
1 114
1 204
1 220
1 256
1 293
1 303
1 315
1 321
1 362
1 368
1 382
1 402
1 410
1 484
1 489
1 501
1 516
1 521
1 539
1 545
1 551
1 555
1 593
1 597
1 626
1 685
1 699
2 29
2 50
2 75
2 131
2 187
2 189
2 210
2 233
2 236
2 245
2 262
2 295
2 331
2 356
2 367
2 401
2 424
2 445
2 456
2 459
2 535
2 568
2 601
2 619
3 31
3 76
3 79
3 90
3 92
3 96
3 112
3 118
3 164
3 183
3 185
3 214
3 253
3 367
3 377
3 482
3 572
3 609
3 639
3 673
3 676
3 681
4 5
4 37
4 84
4 129
4 135
4 145
4 165
4 360
4 390
4 398
4 448
4 494
4 497
4 542
4 617
4 695
5 13
5 22
5 29
5 30
5 74
5 81
5 95
5 119
5 160
5 209
5 226
5 296
5 371
5 379
5 439
5 467
5 538
5 545
5 555
5 589
5 590
5 635
5 636
5 662
5 684
6 59
6 69
6 73
6 148
6 152
6 181
6 182
6 190
6 202
6 211
6 303
6 308
6 328
6 347
6 363
6 376
6 392
6 413
6 421
6 434
6 494
6 566
6 574
6 640
7 9
7 10
7 52
7 103
7 119
7 149
7 175
7 181
7 182
7 193
7 227
7 248
7 268
7 312
7 390
7 399
7 430
7 494
7 563
7 564
7 574
7 621
7 649
8 10
8 38
8 134
8 186
8 188
8 207
8 244
8 353
8 380
8 383
8 391
8 393
8 397
8 401
8 406
8 407
8 456
8 469
8 472
8 489
8 507
8 508
8 509
8 525
8 527
8 542
8 557
8 579
8 580
8 599
8 614
9 25
9 50
9 83
9 117
9 184
9 195
9 219
9 252
9 281
9 296
9 297
9 305
9 325
9 327
9 346
9 374
9 463
9 541
9 564
9 580
9 599
9 627
9 683
9 693
9 695
10 47
10 63
10 99
10 180
10 205
10 307
10 338
10 341
10 350
10 410
10 465
10 542
10 596
10 599
10 654
10 660
10 684
10 687
11 22
11 89
11 180
11 181
11 200
11 201
11 209
11 250
11 259
11 262
11 386
11 418
11 434
11 450
11 459
11 487
11 515
11 539
11 547
11 658
12 15
12 26
12 27
12 98
12 103
12 121
12 134
12 140
12 153
12 246
12 248
12 284
12 289
12 298
12 345
12 346
12 349
12 368
12 408
12 412
12 447
12 501
12 506
12 560
13 14
13 39
13 62
13 101
13 132
13 138
13 143
13 146
13 156
13 205
13 295
13 296
13 323
13 376
13 379
13 417
13 422
13 423
13 468
13 504
13 585
13 589
13 619
13 647
13 695
14 22
14 47
14 64
14 85
14 110
14 158
14 187
14 195
14 206
14 229
14 231
14 241
14 271
14 302
14 306
14 314
14 324
14 326
14 397
14 427
14 446
14 448
14 457
14 461
14 475
14 504
14 531
14 542
14 609
14 616
14 660
14 672
14 673
15 19
15 63
15 94
15 120
15 136
15 140
15 148
15 184
15 224
15 261
15 294
15 341
15 349
15 400
15 410
15 457
15 487
15 490
15 492
15 532
15 559
15 567
15 568
15 623
15 630
15 649
15 660
15 685
15 698
16 44
16 96
16 97
16 113
16 145
16 188
16 195
16 214
16 253
16 355
16 400
16 411
16 431
16 474
16 492
16 525
16 548
16 569
16 572
16 579
16 582
16 637
16 688
16 690
17 19
17 20
17 37
17 94
17 139
17 166
17 170
17 179
17 218
17 231
17 259
17 320
17 391
17 406
17 460
17 536
17 559
17 610
17 629
17 643
17 687
17 699
18 60
18 62
18 208
18 286
18 306
18 367
18 401
18 411
18 414
18 430
18 447
18 486
18 497
18 540
18 560
18 595
18 617
18 626
18 667
18 684
19 31
19 37
19 42
19 61
19 74
19 76
19 94
19 107
19 110
19 127
19 155
19 204
19 222
19 247
19 250
19 309
19 310
19 332
19 336
19 378
19 387
19 412
19 418
19 520
19 532
19 541
19 615
19 631
19 633
19 667
20 22
20 95
20 106
20 166
20 227
20 236
20 284
20 285
20 296
20 372
20 398
20 405
20 456
20 461
20 520
20 527
20 549
20 560
20 563
20 665
20 667
21 22
21 24
21 36
21 55
21 83
21 91
21 96
21 116
21 129
21 136
21 176
21 184
21 209
21 278
21 295
21 346
21 419
21 490
21 509
21 517
21 527
21 586
21 599
21 682
21 686
21 688
22 30
22 38
22 86
22 108
22 116
22 119
22 123
22 130
22 148
22 160
22 170
22 190
22 220
22 223
22 285
22 301
22 332
22 367
22 390
22 435
22 464
22 486
22 534
22 535
22 540
22 546
22 565
22 576
22 601
22 615
22 645
22 646
22 676
22 682
22 684
23 26
23 92
23 95
23 96
23 105
23 163
23 194
23 199
23 205
23 259
23 278
23 334
23 411
23 412
23 439
23 443
23 466
23 516
23 522
23 524
23 558
23 566
23 602
23 626
23 629
23 672
23 674
23 688
24 69
24 78
24 144
24 162
24 168
24 186
24 241
24 266
24 285
24 298
24 307
24 361
24 364
24 382
24 409
24 439
24 444
24 462
24 466
24 500
24 525
24 529
24 543
24 565
24 582
25 57
25 116
25 118
25 127
25 179
25 214
25 251
25 266
25 309
25 355
25 364
25 370
25 386
25 411
25 433
25 464
25 473
25 474
25 498
25 510
25 620
25 624
25 634
25 641
25 645
25 699
25 700
26 70
26 77
26 116
26 120
26 197
26 229
26 231
26 271
26 299
26 300
26 328
26 337
26 338
26 347
26 350
26 393
26 458
26 511
26 526
26 553
26 594
26 634
26 656
26 667
27 28
27 57
27 72
27 156
27 196
27 199
27 212
27 257
27 289
27 304
27 401
27 446
27 464
27 489
27 501
27 503
27 609
27 637
27 661
27 663
27 669
27 686
27 696
28 30
28 65
28 78
28 97
28 99
28 178
28 220
28 232
28 234
28 335
28 340
28 366
28 384
28 396
28 401
28 408
28 536
28 543
28 563
28 574
28 585
28 586
28 606
28 614
28 622
29 32
29 33
29 43
29 58
29 83
29 85
29 114
29 118
29 132
29 185
29 193
29 205
29 221
29 300
29 340
29 380
29 390
29 489
29 508
29 594
29 617
29 629
29 653
29 665
29 691
29 693
30 37
30 106
30 120
30 131
30 147
30 174
30 192
30 264
30 306
30 309
30 325
30 364
30 391
30 416
30 441
30 443
30 482
30 499
30 532
30 553
30 591
30 599
30 617
30 661
30 663
31 61
31 77
31 158
31 175
31 196
31 235
31 237
31 248
31 261
31 263
31 296
31 363
31 371
31 374
31 412
31 449
31 500
31 519
31 551
31 592
31 596
31 601
31 641
31 687
32 48
32 64
32 72
32 116
32 133
32 163
32 169
32 179
32 222
32 238
32 270
32 301
32 390
32 460
32 471
32 500
32 541
32 544
32 582
32 591
32 633
32 635
32 678
33 35
33 55
33 79
33 85
33 106
33 123
33 184
33 191
33 211
33 218
33 244
33 270
33 272
33 300
33 301
33 302
33 362
33 372
33 436
33 471
33 492
33 543
33 551
33 552
33 574
33 589
33 590
33 609
33 626
33 632
33 674
34 41
34 97
34 101
34 106
34 113
34 120
34 127
34 149
34 224
34 244
34 251
34 261
34 270
34 312
34 407
34 415
34 446
34 453
34 490
34 500
34 515
34 649
34 667
34 689
35 47
35 73
35 83
35 89
35 142
35 152
35 229
35 237
35 277
35 288
35 360
35 375
35 381
35 433
35 459
35 506
35 515
35 539
35 544
35 571
35 597
35 617
35 652
35 675
35 687
35 688
35 699
36 40
36 184
36 222
36 281
36 314
36 322
36 381
36 408
36 409
36 416
36 442
36 447
36 480
36 496
36 501
36 504
36 541
36 546
36 652
36 654
36 699
37 43
37 45
37 88
37 177
37 194
37 201
37 205
37 233
37 259
37 310
37 345
37 364
37 379
37 424
37 428
37 448
37 452
37 479
37 600
37 604
37 631
37 642
37 650
37 672
38 57
38 71
38 119
38 154
38 175
38 184
38 187
38 256
38 265
38 302
38 303
38 315
38 388
38 502
38 550
38 553
38 555
38 575
38 585
38 594
38 618
38 633
39 59
39 93
39 98
39 133
39 150
39 195
39 227
39 259
39 266
39 283
39 348
39 355
39 388
39 422
39 433
39 440
39 495
39 516
39 545
39 553
39 560
39 571
39 588
39 664
39 669
40 52
40 110
40 123
40 151
40 174
40 231
40 255
40 267
40 285
40 313
40 358
40 369
40 373
40 425
40 429
40 486
40 487
40 533
40 561
40 581
40 590
40 593
40 684
40 687
40 690
41 42
41 100
41 172
41 203
41 220
41 282
41 310
41 318
41 334
41 348
41 368
41 375
41 377
41 429
41 468
41 485
41 495
41 579
41 638
41 639
41 648
41 668
41 671
42 55
42 92
42 112
42 113
42 142
42 154
42 166
42 201
42 207
42 221
42 237
42 239
42 241
42 292
42 315
42 333
42 334
42 344
42 348
42 373
42 408
42 410
42 430
42 440
42 464
42 471
42 475
42 506
42 512
42 554
42 557
42 589
42 643
42 663
43 76
43 128
43 140
43 154
43 165
43 168
43 244
43 268
43 274
43 280
43 290
43 299
43 317
43 330
43 348
43 355
43 383
43 389
43 398
43 436
43 461
43 496
43 533
43 552
43 556
43 605
43 643
43 644
43 650
43 652
43 655
43 664
43 679
43 688
43 693
44 46
44 53
44 88
44 143
44 175
44 229
44 307
44 314
44 351
44 357
44 398
44 429
44 432
44 434
44 448
44 449
44 456
44 457
44 458
44 490
44 558
44 632
44 633
45 46
45 57
45 63
45 75
45 104
45 107
45 129
45 152
45 175
45 177
45 195
45 237
45 243
45 273
45 275
45 302
45 309
45 349
45 364
45 365
45 375
45 416
45 446
45 463
45 477
45 505
45 556
45 568
45 611
45 640
45 661
45 670
45 693
46 59
46 65
46 80
46 157
46 200
46 230
46 233
46 234
46 259
46 284
46 302
46 314
46 331
46 370
46 425
46 458
46 489
46 494
46 498
46 511
46 534
46 535
46 579
46 590
46 607
46 634
46 667
46 699
47 68
47 84
47 120
47 179
47 205
47 206
47 231
47 251
47 255
47 259
47 287
47 295
47 303
47 310
47 313
47 315
47 366
47 384
47 457
47 488
47 544
47 554
47 628
48 59
48 61
48 65
48 130
48 157
48 196
48 222
48 235
48 240
48 242
48 260
48 261
48 286
48 292
48 308
48 335
48 461
48 559
48 600
48 684
49 62
49 69
49 75
49 84
49 94
49 98
49 112
49 148
49 174
49 187
49 200
49 230
49 244
49 256
49 258
49 271
49 313
49 346
49 348
49 364
49 369
49 419
49 448
49 453
49 479
49 620
50 127
50 143
50 191
50 192
50 212
50 215
50 229
50 242
50 281
50 312
50 331
50 363
50 364
50 390
50 410
50 422
50 427
50 475
50 477
50 545
50 558
50 562
50 636
50 652
51 93
51 111
51 131
51 201
51 219
51 224
51 233
51 260
51 264
51 268
51 286
51 312
51 322
51 376
51 409
51 455
51 478
51 479
51 487
51 513
51 536
51 548
51 564
51 574
51 624
51 683
52 56
52 64
52 119
52 123
52 157
52 211
52 230
52 254
52 284
52 292
52 300
52 305
52 318
52 320
52 351
52 401
52 453
52 466
52 486
52 487
52 505
52 555
52 560
52 586
52 588
52 595
52 601
52 614
52 649
52 658
53 57
53 93
53 98
53 139
53 162
53 268
53 272
53 280
53 369
53 396
53 407
53 417
53 449
53 516
53 533
53 543
53 574
53 585
53 612
53 623
53 640
53 658
53 682
53 689
54 98
54 100
54 119
54 122
54 129
54 139
54 264
54 271
54 283
54 310
54 351
54 378
54 422
54 427
54 438
54 443
54 445
54 447
54 448
54 474
54 493
54 510
54 551
54 601
54 632
54 692
55 75
55 86
55 103
55 159
55 177
55 183
55 190
55 207
55 210
55 220
55 224
55 262
55 325
55 330
55 334
55 345
55 354
55 401
55 427
55 429
55 438
55 458
55 495
55 519
55 520
55 573
55 593
55 645
55 670
56 72
56 85
56 90
56 98
56 120
56 167
56 187
56 215
56 271
56 282
56 285
56 292
56 300
56 327
56 328
56 357
56 377
56 382
56 390
56 393
56 424
56 430
56 446
56 456
56 491
56 536
56 542
56 561
56 625
56 673
56 680
56 681
56 683
57 58
57 70
57 80
57 92
57 122
57 130
57 146
57 192
57 200
57 218
57 263
57 275
57 322
57 327
57 340
57 361
57 366
57 382
57 388
57 394
57 402
57 441
57 454
57 543
57 569
57 594
57 626
57 632
57 671
58 64
58 81
58 116
58 140
58 200
58 226
58 324
58 354
58 364
58 365
58 410
58 426
58 436
58 450
58 457
58 463
58 466
58 477
58 486
58 501
58 510
58 522
58 541
58 544
58 556
58 559
58 562
58 588
58 590
58 607
58 647
58 682
59 65
59 79
59 129
59 186
59 224
59 227
59 312
59 342
59 360
59 365
59 428
59 466
59 475
59 484
59 487
59 511
59 551
59 561
59 621
59 629
59 652
59 662
60 61
60 98
60 123
60 132
60 152
60 160
60 225
60 322
60 327
60 362
60 363
60 365
60 368
60 384
60 396
60 399
60 410
60 421
60 423
60 432
60 465
60 495
60 509
60 515
60 570
60 576
60 681
61 147
61 214
61 302
61 366
61 429
61 450
61 533
61 572
61 624
61 643
61 656
61 658
61 666
62 66
62 228
62 233
62 235
62 260
62 323
62 353
62 357
62 382
62 394
62 401
62 448
62 454
62 570
62 597
62 637
62 639
62 653
62 686
63 68
63 91
63 97
63 124
63 166
63 200
63 210
63 229
63 251
63 255
63 306
63 405
63 420
63 437
63 470
63 477
63 480
63 491
63 563
63 564
63 585
63 589
63 640
63 657
63 671
63 673
63 700
64 81
64 90
64 147
64 197
64 209
64 223
64 245
64 276
64 303
64 325
64 344
64 375
64 376
64 393
64 400
64 621
64 643
64 682
64 687
64 694
65 67
65 80
65 141
65 163
65 176
65 192
65 199
65 212
65 220
65 256
65 268
65 292
65 320
65 354
65 376
65 397
65 450
65 474
65 494
65 531
65 534
65 559
65 583
65 585
65 587
65 598
65 663
65 664
65 670
65 672
65 674
65 683
66 76
66 97
66 101
66 107
66 146
66 200
66 261
66 270
66 285
66 340
66 365
66 379
66 384
66 396
66 426
66 564
66 566
66 618
66 633
66 651
66 674
67 116
67 171
67 190
67 193
67 235
67 242
67 254
67 307
67 318
67 415
67 431
67 462
67 486
67 501
67 508
67 512
67 519
67 539
67 562
67 576
67 607
67 615
67 643
67 647
67 668
68 69
68 128
68 138
68 151
68 308
68 312
68 320
68 327
68 332
68 401
68 414
68 416
68 460
68 475
68 487
68 488
68 502
68 504
68 507
68 538
68 559
68 584
68 640
68 665
68 672
68 699
69 78
69 91
69 96
69 126
69 160
69 165
69 249
69 268
69 289
69 339
69 390
69 399
69 419
69 463
69 592
69 620
69 628
69 674
70 74
70 85
70 130
70 131
70 179
70 185
70 217
70 230
70 239
70 259
70 316
70 324
70 337
70 339
70 354
70 364
70 415
70 446
70 448
70 495
70 503
70 511
70 512
70 525
70 532
70 545
70 560
70 563
70 590
70 606
70 631
70 655
71 73
71 90
71 92
71 112
71 124
71 138
71 139
71 171
71 174
71 175
71 197
71 223
71 226
71 230
71 235
71 273
71 278
71 315
71 361
71 394
71 472
71 479
71 512
71 528
71 561
71 612
71 619
71 639
71 666
72 158
72 170
72 181
72 185
72 258
72 267
72 269
72 276
72 284
72 296
72 298
72 373
72 392
72 410
72 423
72 434
72 442
72 472
72 487
72 505
72 520
72 525
72 565
72 572
72 604
72 609
72 622
72 639
72 657
72 663
72 693
73 99
73 144
73 159
73 163
73 217
73 296
73 320
73 340
73 351
73 364
73 381
73 382
73 384
73 385
73 415
73 419
73 427
73 432
73 445
73 468
73 507
73 514
73 559
73 575
73 594
74 103
74 229
74 251
74 281
74 295
74 388
74 391
74 419
74 437
74 463
74 476
74 531
74 564
74 638
74 687
74 693
74 698
75 76
75 85
75 111
75 116
75 126
75 136
75 139
75 157
75 203
75 255
75 268
75 279
75 319
75 323
75 344
75 402
75 405
75 434
75 484
75 490
75 495
75 539
75 554
75 598
75 631
75 638
75 645
75 675
75 685
75 694
76 91
76 102
76 120
76 127
76 129
76 158
76 161
76 227
76 237
76 247
76 292
76 367
76 437
76 461
76 466
76 512
76 570
76 672
76 692
77 78
77 85
77 96
77 105
77 111
77 183
77 238
77 249
77 303
77 321
77 369
77 391
77 452
77 468
77 473
77 482
77 534
77 541
77 562
77 565
77 594
77 607
77 618
77 646
77 658
77 661
77 663
77 667
78 111
78 137
78 151
78 157
78 287
78 296
78 304
78 305
78 352
78 353
78 370
78 414
78 470
78 492
78 498
78 500
78 523
78 558
78 665
78 680
79 80
79 99
79 127
79 148
79 175
79 236
79 249
79 251
79 320
79 331
79 340
79 343
79 346
79 361
79 383
79 386
79 426
79 494
79 586
79 631
79 635
79 638
79 679
79 693
79 697
80 96
80 98
80 132
80 146
80 227
80 232
80 306
80 335
80 348
80 438
80 460
80 490
80 494
80 495
80 503
80 631
80 633
80 652
81 82
81 151
81 163
81 177
81 210
81 211
81 213
81 276
81 315
81 405
81 414
81 427
81 463
81 475
81 505
81 539
81 546
81 553
81 563
81 592
81 641
81 661
81 670
81 681
81 697
82 91
82 116
82 119
82 130
82 134
82 217
82 251
82 269
82 301
82 318
82 323
82 341
82 350
82 387
82 409
82 436
82 457
82 475
82 490
82 538
82 558
82 608
82 638
83 111
83 150
83 223
83 236
83 290
83 314
83 315
83 336
83 348
83 355
83 360
83 385
83 386
83 388
83 441
83 446
83 464
83 482
83 580
83 586
83 627
83 637
83 667
83 697
84 86
84 135
84 152
84 190
84 205
84 211
84 261
84 287
84 340
84 358
84 369
84 383
84 393
84 399
84 431
84 478
84 528
84 564
84 593
84 618
84 622
85 88
85 94
85 97
85 110
85 158
85 160
85 190
85 219
85 367
85 415
85 518
85 529
85 530
85 539
85 579
85 591
85 621
85 661
86 88
86 121
86 134
86 154
86 175
86 195
86 226
86 275
86 285
86 355
86 385
86 409
86 411
86 446
86 463
86 464
86 505
86 509
86 539
86 555
86 560
86 612
86 646
87 144
87 161
87 203
87 213
87 220
87 270
87 286
87 303
87 309
87 311
87 320
87 356
87 373
87 379
87 404
87 420
87 469
87 516
87 564
87 567
87 578
87 603
87 615
87 618
87 653
87 684
88 110
88 206
88 227
88 233
88 300
88 310
88 358
88 397
88 409
88 423
88 452
88 463
88 521
88 529
88 581
88 605
88 658
88 667
89 90
89 91
89 103
89 111
89 124
89 157
89 172
89 173
89 176
89 280
89 289
89 301
89 320
89 342
89 382
89 387
89 423
89 488
89 493
89 520
89 523
89 526
89 527
89 574
89 579
89 626
89 628
89 652
90 117
90 126
90 140
90 156
90 158
90 188
90 246
90 314
90 335
90 361
90 363
90 368
90 389
90 391
90 394
90 405
90 441
90 465
90 475
90 516
90 520
90 543
90 549
90 554
90 620
90 627
90 647
90 650
90 667
90 672
90 687
91 99
91 187
91 228
91 243
91 264
91 290
91 294
91 353
91 413
91 455
91 466
91 468
91 474
91 513
91 517
91 520
91 584
91 629
91 632
91 638
91 645
91 673
92 113
92 115
92 181
92 200
92 202
92 212
92 229
92 310
92 312
92 322
92 336
92 377
92 395
92 407
92 414
92 425
92 447
92 466
92 503
92 510
92 511
92 533
92 551
92 637
92 644
92 673
92 677
93 97
93 188
93 242
93 297
93 298
93 309
93 434
93 466
93 475
93 497
93 506
93 514
93 537
93 559
93 578
93 611
93 636
94 160
94 201
94 272
94 273
94 293
94 305
94 322
94 356
94 358
94 438
94 477
94 482
94 548
94 559
94 581
94 591
94 643
94 684
95 154
95 162
95 254
95 294
95 313
95 315
95 319
95 321
95 360
95 377
95 448
95 468
95 489
95 497
95 527
95 542
95 550
95 554
95 581
95 632
95 637
95 674
95 679
95 683
95 691
96 98
96 103
96 107
96 112
96 139
96 140
96 160
96 167
96 169
96 196
96 205
96 304
96 329
96 337
96 343
96 368
96 379
96 425
96 519
96 550
96 551
96 629
96 631
96 661
96 664
97 137
97 139
97 151
97 153
97 165
97 168
97 200
97 229
97 290
97 306
97 328
97 365
97 366
97 371
97 376
97 418
97 441
97 468
97 563
97 587
97 641
98 166
98 169
98 188
98 194
98 249
98 277
98 358
98 367
98 422
98 460
98 499
98 506
98 595
98 630
98 634
98 646
98 667
98 682
98 697
99 101
99 133
99 140
99 186
99 264
99 267
99 272
99 304
99 427
99 441
99 497
99 522
99 529
99 580
99 602
99 604
99 617
99 643
99 676
100 153
100 159
100 165
100 168
100 186
100 242
100 249
100 262
100 281
100 310
100 320
100 321
100 341
100 343
100 380
100 458
100 463
100 476
100 491
100 500
100 519
100 524
100 574
100 612
100 673
100 683
100 684
100 685
101 107
101 129
101 132
101 193
101 206
101 240
101 245
101 267
101 286
101 299
101 311
101 338
101 384
101 401
101 434
101 449
101 478
101 516
101 542
101 582
101 592
101 606
101 634
101 651
101 654
101 668
101 672
101 686
102 159
102 192
102 220
102 284
102 292
102 321
102 324
102 334
102 373
102 389
102 401
102 462
102 464
102 485
102 486
102 539
102 544
102 553
102 559
102 561
102 576
102 597
102 604
102 611
102 624
102 647
102 676
103 104
103 105
103 106
103 116
103 147
103 160
103 170
103 185
103 191
103 230
103 245
103 249
103 273
103 310
103 326
103 340
103 364
103 373
103 379
103 486
103 505
103 509
103 574
103 623
103 652
103 692
104 132
104 149
104 206
104 278
104 348
104 377
104 414
104 416
104 459
104 554
104 567
104 581
104 588
104 604
104 691
104 697
105 109
105 112
105 121
105 205
105 226
105 291
105 301
105 326
105 362
105 373
105 422
105 435
105 464
105 467
105 468
105 521
105 577
105 598
105 666
106 204
106 291
106 294
106 319
106 404
106 412
106 427
106 429
106 476
106 483
106 489
106 498
106 503
106 506
106 548
106 577
106 629
107 117
107 135
107 163
107 194
107 201
107 202
107 241
107 245
107 274
107 286
107 291
107 361
107 429
107 440
107 460
107 497
107 534
107 540
107 547
107 548
107 552
107 570
107 599
107 625
107 658
107 663
107 670
107 684
107 695
108 145
108 161
108 173
108 175
108 226
108 263
108 313
108 334
108 345
108 352
108 388
108 437
108 455
108 469
108 489
108 495
108 529
108 569
108 597
108 601
108 604
108 607
108 639
108 664
108 671
108 692
108 696
109 122
109 231
109 240
109 246
109 253
109 265
109 267
109 294
109 332
109 333
109 342
109 380
109 394
109 399
109 428
109 469
109 499
109 545
109 555
109 557
109 620
109 623
109 628
109 632
109 647
109 675
109 680
109 684
110 112
110 155
110 171
110 180
110 213
110 235
110 242
110 256
110 301
110 314
110 315
110 352
110 371
110 373
110 415
110 447
110 463
110 473
110 490
110 500
110 507
110 525
110 541
110 547
110 616
110 665
110 689
111 113
111 139
111 140
111 141
111 143
111 188
111 189
111 217
111 246
111 248
111 264
111 276
111 386
111 398
111 448
111 460
111 516
111 536
111 559
111 561
111 579
111 621
111 638
111 688
111 689
111 696
112 126
112 153
112 160
112 229
112 238
112 281
112 321
112 328
112 332
112 380
112 383
112 431
112 438
112 485
112 493
112 518
112 556
112 645
112 656
112 661
112 683
112 688
112 689
113 114
113 124
113 222
113 233
113 255
113 271
113 283
113 336
113 339
113 357
113 419
113 421
113 429
113 454
113 490
113 503
113 638
114 157
114 165
114 218
114 235
114 281
114 302
114 303
114 388
114 397
114 400
114 403
114 457
114 483
114 557
114 559
114 602
114 641
114 655
114 697
115 119
115 145
115 154
115 198
115 234
115 278
115 283
115 287
115 292
115 309
115 311
115 339
115 345
115 421
115 443
115 485
115 531
115 533
115 553
115 565
115 601
115 672
115 674
115 687
115 699
116 118
116 125
116 129
116 148
116 159
116 167
116 196
116 255
116 269
116 291
116 293
116 317
116 345
116 348
116 353
116 358
116 368
116 369
116 431
116 439
116 472
116 483
116 539
116 617
116 625
116 635
116 677
116 690
117 170
117 178
117 181
117 185
117 186
117 191
117 220
117 235
117 251
117 263
117 266
117 271
117 302
117 309
117 319
117 329
117 376
117 417
117 427
117 448
117 449
117 456
117 482
117 483
117 488
117 496
117 580
117 590
117 630
117 674
117 691
118 145
118 176
118 182
118 233
118 250
118 285
118 291
118 307
118 324
118 329
118 360
118 368
118 381
118 400
118 490
118 496
118 526
118 587
118 590
118 611
118 673
118 684
119 136
119 156
119 170
119 182
119 201
119 232
119 239
119 296
119 300
119 333
119 336
119 340
119 371
119 432
119 564
119 572
119 581
119 606
119 614
119 664
119 669
119 671
119 681
119 700
120 124
120 202
120 228
120 277
120 289
120 293
120 335
120 336
120 350
120 361
120 369
120 377
120 411
120 414
120 428
120 448
120 477
120 489
120 496
120 498
120 597
120 619
120 621
120 679
120 697
121 132
121 170
121 303
121 311
121 350
121 359
121 411
121 479
121 513
121 534
121 540
121 550
121 574
121 579
121 627
121 676
121 690
122 124
122 133
122 136
122 208
122 219
122 242
122 274
122 286
122 291
122 340
122 397
122 429
122 450
122 460
122 526
122 542
122 661
122 680
122 682
123 143
123 147
123 169
123 174
123 184
123 199
123 206
123 219
123 235
123 242
123 276
123 379
123 386
123 395
123 434
123 554
123 568
123 574
123 621
123 629
123 630
123 683
123 698
124 139
124 158
124 159
124 256
124 339
124 341
124 367
124 394
124 521
124 538
124 543
124 561
124 566
124 576
124 607
124 644
125 178
125 185
125 208
125 248
125 262
125 348
125 362
125 382
125 412
125 457
125 475
125 547
125 557
125 563
125 575
125 607
125 676
126 133
126 140
126 141
126 175
126 177
126 340
126 369
126 416
126 442
126 466
126 478
126 525
126 545
126 547
126 583
126 651
126 678
126 696
127 131
127 132
127 153
127 171
127 194
127 203
127 212
127 218
127 220
127 222
127 275
127 276
127 305
127 309
127 328
127 332
127 381
127 428
127 513
127 536
127 544
127 559
127 580
127 587
127 598
127 626
127 633
127 674
127 690
127 698
128 145
128 174
128 219
128 259
128 286
128 292
128 297
128 298
128 336
128 346
128 354
128 370
128 394
128 498
128 501
128 546
128 600
128 677
129 130
129 166
129 225
129 227
129 270
129 289
129 310
129 342
129 359
129 361
129 371
129 384
129 389
129 395
129 404
129 414
129 423
129 472
129 476
129 484
129 507
129 514
129 558
129 635
129 671
129 681
130 153
130 154
130 183
130 196
130 198
130 207
130 212
130 227
130 267
130 282
130 292
130 334
130 335
130 439
130 449
130 453
130 464
130 468
130 473
130 511
130 532
130 617
130 623
130 637
130 674
130 678
131 148
131 167
131 214
131 217
131 226
131 298
131 331
131 341
131 415
131 431
131 442
131 591
131 649
131 660
131 672
131 685
131 686
132 135
132 136
132 203
132 213
132 230
132 235
132 237
132 250
132 300
132 325
132 345
132 346
132 375
132 398
132 427
132 430
132 442
132 534
132 578
132 584
132 605
132 614
132 638
132 681
132 691
132 698
133 181
133 208
133 283
133 296
133 313
133 372
133 387
133 397
133 447
133 458
133 472
133 480
133 536
133 556
133 563
133 609
133 617
133 657
133 690
134 140
134 151
134 161
134 185
134 198
134 237
134 247
134 299
134 338
134 344
134 367
134 446
134 511
134 517
134 552
134 598
134 605
134 610
134 621
134 624
134 683
134 691
135 136
135 208
135 332
135 350
135 427
135 470
135 472
135 475
135 489
135 516
135 527
135 546
135 560
135 573
135 574
135 583
135 623
135 657
135 673
135 678
136 142
136 153
136 160
136 203
136 213
136 241
136 253
136 282
136 331
136 345
136 350
136 357
136 373
136 417
136 420
136 470
136 473
136 495
136 512
136 574
136 576
136 577
136 588
136 615
136 658
136 683
136 697
137 153
137 195
137 204
137 218
137 219
137 230
137 232
137 273
137 301
137 338
137 349
137 353
137 357
137 430
137 448
137 453
137 455
137 502
137 522
137 525
137 536
137 570
137 625
137 643
138 141
138 156
138 266
138 281
138 314
138 324
138 371
138 384
138 445
138 464
138 467
138 556
138 572
138 582
138 622
139 146
139 211
139 233
139 300
139 301
139 312
139 315
139 326
139 349
139 368
139 402
139 417
139 432
139 445
139 511
139 563
139 574
139 594
139 606
139 622
139 643
139 656
139 697
139 698
139 700
140 169
140 177
140 186
140 189
140 212
140 237
140 242
140 253
140 312
140 346
140 385
140 390
140 399
140 421
140 474
140 541
140 562
140 591
140 631
140 698
141 144
141 157
141 187
141 239
141 276
141 281
141 344
141 357
141 360
141 399
141 429
141 456
141 521
141 550
141 564
141 582
141 607
141 610
141 612
141 690
142 145
142 231
142 237
142 248
142 266
142 277
142 340
142 348
142 355
142 357
142 369
142 373
142 391
142 413
142 428
142 438
142 441
142 465
142 467
142 564
142 625
142 643
142 656
142 695
142 697
143 145
143 269
143 309
143 339
143 342
143 359
143 365
143 373
143 418
143 458
143 475
143 478
143 483
143 513
143 541
143 551
143 580
143 607
143 634
143 645
143 665
144 213
144 232
144 234
144 283
144 319
144 353
144 493
144 494
144 495
144 504
144 514
144 536
144 623
144 632
144 657
144 677
145 163
145 165
145 176
145 198
145 204
145 233
145 256
145 301
145 350
145 383
145 399
145 441
145 450
145 457
145 514
145 561
145 579
145 624
145 636
145 637
145 659
145 661
145 664
145 669
146 168
146 223
146 259
146 264
146 273
146 275
146 330
146 350
146 353
146 363
146 399
146 433
146 437
146 438
146 442
146 444
146 492
146 564
146 578
146 641
146 654
147 195
147 205
147 218
147 221
147 238
147 243
147 247
147 279
147 282
147 295
147 356
147 361
147 427
147 488
147 489
147 490
147 494
147 596
147 598
147 601
147 669
148 150
148 185
148 189
148 258
148 280
148 287
148 288
148 316
148 328
148 339
148 386
148 397
148 420
148 467
148 474
148 522
148 574
148 617
148 627
148 666
148 695
149 183
149 202
149 219
149 246
149 280
149 330
149 338
149 341
149 349
149 393
149 404
149 418
149 516
149 525
149 548
149 560
149 608
149 619
149 629
149 653
149 691
150 177
150 183
150 193
150 260
150 279
150 285
150 329
150 347
150 360
150 376
150 428
150 467
150 497
150 520
150 548
150 573
150 583
150 613
150 620
150 679
150 688
151 156
151 227
151 265
151 273
151 290
151 296
151 307
151 315
151 321
151 437
151 440
151 477
151 510
151 560
151 610
151 634
151 646
151 671
152 159
152 222
152 224
152 281
152 290
152 309
152 324
152 325
152 394
152 404
152 523
152 538
152 570
152 581
152 603
152 628
152 649
153 201
153 211
153 238
153 259
153 265
153 268
153 320
153 333
153 334
153 361
153 370
153 377
153 387
153 398
153 410
153 433
153 478
153 481
153 518
153 536
153 570
153 578
153 622
153 679
154 161
154 181
154 183
154 189
154 207
154 208
154 234
154 247
154 271
154 278
154 288
154 298
154 316
154 411
154 449
154 526
154 534
154 536
154 546
154 578
154 600
154 681
154 685
155 164
155 167
155 171
155 182
155 254
155 263
155 301
155 314
155 381
155 428
155 463
155 490
155 495
155 498
155 500
155 537
155 594
155 607
155 625
155 630
156 161
156 174
156 180
156 185
156 190
156 201
156 210
156 276
156 320
156 338
156 346
156 369
156 370
156 393
156 414
156 439
156 455
156 472
156 497
156 542
156 568
156 589
156 634
156 662
156 686
156 688
157 161
157 163
157 248
157 258
157 262
157 272
157 292
157 302
157 307
157 320
157 334
157 349
157 369
157 371
157 376
157 396
157 464
157 495
157 503
157 531
157 533
157 540
157 579
157 592
157 601
157 625
157 632
157 657
157 663
157 698
158 162
158 170
158 279
158 301
158 306
158 319
158 334
158 347
158 358
158 363
158 413
158 444
158 470
158 472
158 528
158 535
158 555
158 560
158 603
158 644
158 674
159 174
159 213
159 286
159 291
159 306
159 346
159 394
159 465
159 507
159 582
159 601
159 646
159 676
160 165
160 176
160 196
160 204
160 249
160 260
160 286
160 309
160 312
160 328
160 430
160 565
160 634
160 652
160 671
160 679
161 164
161 169
161 220
161 275
161 299
161 337
161 349
161 360
161 366
161 370
161 420
161 443
161 470
161 477
161 481
161 543
161 554
161 613
161 659
162 164
162 166
162 168
162 212
162 223
162 248
162 291
162 308
162 352
162 371
162 373
162 384
162 434
162 481
162 483
162 524
162 580
162 592
162 620
162 665
162 669
162 677
162 689
162 691
163 201
163 206
163 208
163 229
163 233
163 258
163 305
163 325
163 339
163 345
163 355
163 362
163 392
163 436
163 510
163 513
163 518
163 534
163 580
163 606
163 614
163 657
163 662
163 667
164 185
164 264
164 269
164 314
164 332
164 343
164 351
164 379
164 397
164 417
164 425
164 430
164 531
164 612
164 615
164 662
165 171
165 183
165 207
165 208
165 248
165 258
165 261
165 280
165 293
165 304
165 313
165 354
165 396
165 415
165 429
165 493
165 509
165 534
165 598
165 612
165 638
165 646
165 686
165 698
166 174
166 183
166 287
166 301
166 316
166 376
166 416
166 446
166 497
166 526
166 538
166 550
166 573
166 578
166 621
166 643
166 696
167 211
167 228
167 238
167 245
167 297
167 381
167 382
167 426
167 472
167 481
167 493
167 514
167 520
167 525
167 549
167 562
167 601
167 647
167 657
168 172
168 189
168 204
168 250
168 308
168 338
168 342
168 383
168 394
168 425
168 504
168 515
168 531
168 578
168 588
168 603
169 219
169 236
169 237
169 297
169 319
169 324
169 348
169 386
169 412
169 415
169 432
169 481
169 505
169 546
169 548
169 571
169 579
169 597
169 632
169 656
169 663
169 687
170 174
170 176
170 181
170 224
170 248
170 249
170 287
170 293
170 314
170 374
170 379
170 425
170 443
170 448
170 472
170 497
170 520
170 548
171 179
171 184
171 283
171 322
171 368
171 478
171 484
171 500
171 515
171 588
171 604
171 622
172 194
172 246
172 278
172 290
172 319
172 327
172 332
172 404
172 423
172 440
172 467
172 509
172 517
172 552
172 561
172 565
172 575
172 584
172 631
172 635
172 694
173 174
173 221
173 223
173 313
173 383
173 456
173 476
173 496
173 511
173 533
173 538
173 571
174 176
174 190
174 198
174 205
174 219
174 252
174 300
174 329
174 338
174 420
174 422
174 429
174 433
174 477
174 522
174 530
174 533
174 542
174 552
174 566
174 605
174 643
174 675
174 677
174 685
175 213
175 262
175 292
175 340
175 343
175 346
175 352
175 360
175 361
175 375
175 497
175 499
175 502
175 549
175 553
175 583
175 631
175 633
175 636
175 639
175 642
175 649
176 243
176 300
176 402
176 421
176 489
176 498
176 510
176 595
176 616
176 630
176 674
176 694
177 178
177 234
177 259
177 283
177 325
177 386
177 387
177 394
177 408
177 418
177 422
177 429
177 494
177 531
177 561
177 614
177 681
178 190
178 243
178 263
178 277
178 362
178 400
178 412
178 506
178 512
178 548
178 609
178 647
178 659
178 667
178 669
178 677
179 180
179 196
179 208
179 215
179 216
179 228
179 310
179 316
179 386
179 405
179 436
179 490
179 508
179 557
179 569
179 571
179 591
179 626
179 632
179 644
180 193
180 199
180 207
180 240
180 268
180 314
180 319
180 364
180 430
180 435
180 447
180 451
180 531
180 587
180 591
180 608
180 630
180 659
180 669
180 674
180 675
181 207
181 240
181 283
181 284
181 390
181 403
181 447
181 463
181 474
181 488
181 513
181 530
181 556
181 590
181 637
181 648
181 657
181 663
181 676
182 183
182 256
182 269
182 314
182 317
182 366
182 412
182 413
182 440
182 586
182 600
182 640
182 690
183 208
183 227
183 244
183 258
183 275
183 306
183 320
183 339
183 387
183 430
183 482
183 528
183 612
183 615
183 637
183 642
183 654
183 669
184 185
184 254
184 263
184 356
184 363
184 383
184 478
184 488
184 502
184 567
184 575
184 591
184 613
184 629
184 655
184 659
185 207
185 227
185 248
185 275
185 308
185 316
185 331
185 437
185 504
185 532
185 565
185 580
185 631
185 638
186 188
186 207
186 244
186 248
186 286
186 307
186 332
186 342
186 346
186 426
186 427
186 505
186 542
186 548
186 664
187 205
187 223
187 244
187 245
187 249
187 286
187 310
187 316
187 378
187 396
187 419
187 444
187 453
187 479
187 514
187 538
187 562
187 568
187 609
188 200
188 257
188 298
188 306
188 330
188 383
188 426
188 448
188 460
188 487
188 505
188 535
188 553
188 575
188 591
189 190
189 209
189 216
189 248
189 255
189 257
189 284
189 298
189 348
189 417
189 437
189 466
189 475
189 488
189 560
189 578
189 582
189 613
189 643
189 649
189 660
189 676
190 207
190 215
190 222
190 253
190 264
190 288
190 344
190 347
190 368
190 425
190 431
190 434
190 449
190 473
190 483
190 497
190 504
190 544
190 558
190 587
190 592
190 600
190 603
190 637
191 303
191 324
191 351
191 361
191 377
191 397
191 430
191 445
191 506
191 554
191 565
191 588
191 612
191 615
191 658
191 662
191 681
191 695
192 214
192 231
192 232
192 255
192 312
192 320
192 391
192 397
192 419
192 420
192 432
192 438
192 439
192 445
192 464
192 483
192 535
192 644
192 646
192 660
192 665
192 668
192 696
193 227
193 233
193 240
193 298
193 313
193 318
193 335
193 338
193 394
193 452
193 456
193 520
193 555
193 576
193 584
193 616
193 645
193 700
194 195
194 218
194 224
194 324
194 340
194 349
194 355
194 373
194 382
194 440
194 490
194 514
194 549
194 569
194 615
194 640
195 230
195 237
195 256
195 389
195 398
195 408
195 418
195 436
195 447
195 464
195 485
195 495
195 526
195 531
195 532
195 545
195 548
195 571
195 573
195 581
195 625
196 208
196 229
196 230
196 242
196 243
196 247
196 272
196 276
196 278
196 303
196 318
196 355
196 385
196 431
196 527
196 535
196 545
196 584
196 621
196 631
197 256
197 365
197 376
197 381
197 417
197 437
197 456
197 466
197 467
197 524
197 536
197 603
197 640
197 653
197 678
197 686
197 699
198 208
198 220
198 240
198 285
198 292
198 307
198 322
198 345
198 381
198 391
198 396
198 502
198 529
198 560
198 579
198 604
198 629
199 220
199 243
199 245
199 261
199 266
199 267
199 294
199 299
199 308
199 309
199 335
199 357
199 358
199 360
199 492
199 511
199 574
199 586
199 599
199 603
199 647
199 654
199 680
199 686
199 687
200 201
200 244
200 259
200 265
200 276
200 348
200 352
200 417
200 422
200 435
200 447
200 490
200 496
200 534
200 580
200 586
200 599
200 613
200 636
200 684
201 216
201 218
201 219
201 256
201 259
201 265
201 270
201 288
201 289
201 304
201 390
201 411
201 510
201 523
201 536
201 590
201 618
201 650
201 655
202 320
202 327
202 334
202 477
202 495
202 514
202 551
202 576
202 589
202 649
202 692
203 205
203 230
203 255
203 274
203 275
203 341
203 387
203 405
203 427
203 445
203 452
203 462
203 471
203 488
203 521
203 538
203 561
203 578
203 582
203 602
203 605
203 613
203 625
203 640
203 681
203 683
204 213
204 240
204 269
204 271
204 291
204 311
204 329
204 339
204 347
204 359
204 413
204 429
204 439
204 441
204 467
204 469
204 486
204 499
204 517
204 550
204 590
204 602
204 649
204 655
204 680
205 239
205 262
205 267
205 305
205 315
205 413
205 492
205 508
205 530
205 556
205 592
205 596
205 620
205 678
205 688
206 216
206 238
206 319
206 323
206 334
206 350
206 376
206 378
206 386
206 403
206 503
206 509
206 572
206 644
206 676
206 678
206 692
207 246
207 250
207 260
207 314
207 320
207 352
207 386
207 387
207 403
207 419
207 438
207 440
207 455
207 482
207 500
207 533
207 599
207 619
207 621
207 634
207 641
208 216
208 274
208 308
208 372
208 402
208 410
208 411
208 438
208 453
208 464
208 555
208 571
208 590
208 619
208 675
208 677
209 210
209 213
209 256
209 278
209 280
209 332
209 388
209 389
209 409
209 424
209 467
209 469
209 484
209 503
209 512
209 562
209 570
209 571
209 638
209 663
209 673
209 687
209 689
210 214
210 220
210 236
210 265
210 289
210 294
210 325
210 326
210 344
210 386
210 403
210 411
210 428
210 451
210 458
210 464
210 465
210 469
210 510
210 540
210 572
210 591
210 615
210 632
210 635
210 650
210 680
210 699
211 220
211 235
211 248
211 263
211 286
211 326
211 352
211 354
211 359
211 403
211 470
211 481
211 533
211 605
211 624
211 643
211 690
211 699
212 213
212 218
212 220
212 267
212 280
212 357
212 359
212 361
212 380
212 406
212 422
212 448
212 466
212 476
212 485
212 490
212 509
212 527
212 600
212 602
212 613
212 633
212 639
212 684
213 262
213 276
213 335
213 340
213 387
213 399
213 462
213 496
213 499
213 525
213 544
213 621
213 682
214 215
214 241
214 249
214 271
214 281
214 290
214 321
214 346
214 375
214 387
214 449
214 460
214 471
214 473
214 530
214 537
214 544
214 547
214 561
214 581
214 585
214 588
214 625
215 238
215 244
215 266
215 329
215 373
215 419
215 432
215 441
215 443
215 510
215 521
215 540
215 552
215 572
215 575
215 588
215 651
215 682
215 686
216 219
216 231
216 239
216 253
216 254
216 268
216 333
216 335
216 342
216 380
216 448
216 453
216 487
216 495
216 521
216 523
216 532
216 558
216 583
216 610
216 653
216 671
216 678
216 683
216 692
217 280
217 285
217 351
217 359
217 366
217 379
217 392
217 411
217 414
217 433
217 443
217 447
217 462
217 505
217 531
217 551
217 670
218 226
218 313
218 328
218 361
218 374
218 384
218 390
218 401
218 440
218 445
218 566
218 576
218 595
218 600
219 230
219 286
219 310
219 391
219 402
219 490
219 507
219 521
219 645
219 660
219 671
219 679
220 252
220 266
220 317
220 365
220 378
220 384
220 420
220 426
220 436
220 442
220 452
220 504
220 512
220 574
220 616
220 665
221 225
221 327
221 337
221 355
221 361
221 391
221 410
221 445
221 463
221 474
221 479
221 583
221 599
221 625
221 648
221 700
222 224
222 225
222 244
222 245
222 275
222 292
222 318
222 322
222 347
222 381
222 396
222 400
222 408
222 413
222 526
222 552
222 573
222 622
222 633
222 671
222 689
222 700
223 235
223 243
223 244
223 285
223 288
223 323
223 330
223 349
223 367
223 382
223 403
223 410
223 497
223 505
223 510
223 511
223 530
223 539
223 605
223 617
223 625
223 629
223 640
223 646
223 653
223 664
223 695
223 700
224 324
224 327
224 351
224 391
224 443
224 454
224 487
224 495
224 498
224 511
224 606
224 657
224 660
224 665
224 669
224 674
224 677
225 227
225 262
225 334
225 364
225 391
225 414
225 443
225 492
225 504
225 550
225 552
225 649
225 651
225 690
226 227
226 351
226 372
226 379
226 407
226 423
226 435
226 446
226 527
226 534
226 560
226 586
226 621
226 622
226 630
226 671
226 683
226 686
227 242
227 264
227 278
227 291
227 302
227 337
227 369
227 390
227 421
227 479
227 487
227 537
227 543
227 602
227 638
228 252
228 266
228 335
228 336
228 348
228 349
228 427
228 429
228 481
228 486
228 498
228 510
228 526
228 530
228 552
228 610
228 643
228 644
228 649
228 658
228 675
228 684
228 685
229 235
229 273
229 306
229 310
229 322
229 333
229 336
229 370
229 380
229 406
229 426
229 447
229 467
229 499
229 576
229 591
229 607
229 611
229 627
229 637
229 645
229 663
229 669
229 681
229 688
229 690
230 233
230 263
230 315
230 363
230 369
230 384
230 410
230 451
230 462
230 478
230 512
230 583
230 650
230 667
231 248
231 275
231 293
231 334
231 450
231 507
231 538
231 551
231 559
231 574
231 692
232 235
232 241
232 246
232 332
232 405
232 462
232 556
232 625
232 662
232 695
233 251
233 281
233 283
233 294
233 313
233 318
233 341
233 367
233 374
233 414
233 462
233 488
233 500
233 507
233 585
233 586
233 588
233 627
233 651
233 680
233 695
234 239
234 266
234 268
234 319
234 362
234 379
234 389
234 413
234 425
234 487
234 512
234 636
234 654
234 670
234 679
234 694
235 272
235 426
235 458
235 485
235 559
235 601
235 612
235 649
235 683
235 688
236 246
236 258
236 259
236 283
236 292
236 312
236 324
236 325
236 339
236 353
236 368
236 407
236 425
236 431
236 497
236 535
236 555
236 568
236 570
236 571
236 572
236 573
236 671
236 682
237 242
237 256
237 312
237 360
237 365
237 425
237 456
237 486
237 508
237 536
237 554
237 563
237 575
237 582
237 647
238 252
238 257
238 332
238 364
238 365
238 393
238 401
238 455
238 476
238 480
238 513
238 526
238 531
238 563
238 569
238 570
238 599
238 605
238 659
238 671
239 303
239 313
239 348
239 370
239 394
239 439
239 440
239 455
239 497
239 527
239 558
239 559
239 561
239 588
239 602
239 604
239 608
239 614
239 620
239 640
239 664
239 671
239 692
240 241
240 245
240 280
240 305
240 308
240 330
240 358
240 359
240 390
240 444
240 459
240 479
240 487
240 488
240 498
240 528
240 531
240 589
240 676
240 681
241 286
241 356
241 364
241 365
241 457
241 561
241 592
241 678
242 244
242 255
242 257
242 258
242 268
242 269
242 286
242 299
242 357
242 378
242 384
242 385
242 397
242 413
242 444
242 471
242 484
242 542
242 557
242 576
242 578
242 634
242 671
242 680
243 260
243 261
243 317
243 346
243 370
243 498
243 516
243 537
243 554
243 594
243 640
243 644
243 659
243 674
244 256
244 275
244 290
244 295
244 310
244 319
244 338
244 367
244 370
244 421
244 432
244 446
244 492
244 494
244 495
244 542
244 543
244 580
244 582
244 622
244 639
244 660
244 695
245 251
245 253
245 292
245 320
245 363
245 387
245 394
245 439
245 497
245 548
245 585
245 604
245 640
245 643
245 660
245 694
246 267
246 271
246 287
246 292
246 331
246 333
246 358
246 367
246 404
246 431
246 471
246 479
246 490
246 526
246 551
246 603
246 659
246 679
246 682
246 695
246 696
247 255
247 379
247 386
247 420
247 462
247 524
247 630
247 649
247 650
247 665
247 670
247 674
248 250
248 272
248 306
248 320
248 321
248 346
248 347
248 354
248 398
248 408
248 414
248 430
248 475
248 482
248 548
248 569
248 638
249 276
249 284
249 304
249 311
249 320
249 340
249 351
249 388
249 405
249 410
249 425
249 444
249 470
249 504
249 535
249 539
249 541
249 557
249 567
249 575
249 577
249 606
249 608
249 640
249 648
249 680
250 251
250 264
250 326
250 388
250 501
250 520
250 524
250 528
250 544
250 562
250 582
250 596
250 604
250 605
250 618
250 644
250 658
250 675
250 676
250 683
250 685
251 266
251 293
251 317
251 364
251 404
251 407
251 458
251 492
251 525
251 554
251 559
251 582
251 611
252 401
252 427
252 428
252 443
252 447
252 456
252 464
252 475
252 516
252 524
252 539
252 543
252 562
252 613
252 616
252 627
252 648
253 255
253 272
253 295
253 313
253 363
253 384
253 432
253 441
253 463
253 464
253 483
253 486
253 498
253 612
254 263
254 267
254 277
254 279
254 287
254 292
254 298
254 303
254 317
254 370
254 385
254 449
254 459
254 472
254 475
254 497
254 537
254 560
254 574
254 580
254 629
254 645
254 653
254 656
254 658
254 689
255 271
255 342
255 345
255 347
255 356
255 419
255 421
255 440
255 457
255 488
255 541
255 563
255 564
255 567
255 583
255 631
255 636
255 661
256 259
256 278
256 289
256 293
256 294
256 318
256 323
256 332
256 344
256 361
256 401
256 413
256 420
256 422
256 444
256 463
256 472
256 486
256 547
256 555
256 575
256 582
256 627
256 630
256 644
256 648
256 651
256 652
257 274
257 300
257 302
257 316
257 338
257 343
257 346
257 352
257 382
257 393
257 442
257 495
257 517
257 523
257 614
257 619
257 635
258 280
258 310
258 340
258 349
258 517
258 559
258 592
259 312
259 412
259 423
259 486
259 515
259 586
259 603
259 606
259 617
259 632
259 654
259 694
260 306
260 319
260 400
260 462
260 488
260 543
260 569
260 577
260 606
260 643
260 663
260 665
260 694
261 262
261 312
261 344
261 367
261 424
261 464
261 528
261 598
261 605
262 314
262 340
262 376
262 412
262 445
262 446
262 465
262 495
262 499
262 534
262 547
262 600
262 655
263 266
263 267
263 294
263 307
263 349
263 364
263 407
263 414
263 418
263 444
263 447
263 573
263 639
263 656
264 266
264 354
264 359
264 367
264 393
264 556
264 594
264 616
264 633
264 638
264 658
265 268
265 301
265 305
265 383
265 405
265 415
265 458
265 464
265 483
265 519
265 540
265 543
265 629
265 645
265 661
265 664
265 694
266 319
266 398
266 450
266 455
266 464
266 512
266 533
266 558
266 568
266 628
267 268
267 280
267 294
267 324
267 326
267 403
267 407
267 447
267 459
267 516
267 530
267 554
267 555
267 598
267 681
267 683
268 282
268 345
268 422
268 432
268 439
268 521
268 612
268 661
269 286
269 303
269 312
269 353
269 387
269 395
269 402
269 406
269 467
269 491
269 501
269 566
269 567
269 569
269 605
269 609
270 274
270 280
270 294
270 394
270 402
270 431
270 525
270 564
270 569
270 591
270 599
270 631
270 635
270 677
270 694
271 294
271 297
271 301
271 315
271 341
271 368
271 392
271 407
271 483
271 495
271 519
271 572
271 577
271 610
271 620
271 661
271 682
271 698
272 303
272 329
272 369
272 455
272 469
272 474
272 485
272 495
272 519
272 571
272 579
272 581
272 596
272 604
272 692
273 276
273 290
273 311
273 325
273 348
273 352
273 358
273 361
273 388
273 470
273 491
273 501
273 511
273 517
273 541
273 578
273 607
273 632
273 635
273 637
274 403
274 447
274 493
274 508
274 539
274 554
274 574
274 651
274 665
274 676
274 699
275 290
275 304
275 311
275 319
275 324
275 339
275 348
275 382
275 396
275 406
275 417
275 461
275 477
275 523
275 552
275 604
275 655
275 700
276 295
276 317
276 369
276 396
276 539
276 605
276 613
276 650
276 662
277 279
277 328
277 351
277 372
277 373
277 393
277 418
277 434
277 521
277 537
277 589
277 591
277 606
277 628
277 631
277 634
277 672
277 691
278 282
278 376
278 505
278 522
278 531
278 558
278 574
278 575
278 636
279 323
279 339
279 346
279 355
279 372
279 391
279 460
279 469
279 481
279 502
279 509
279 536
279 547
279 606
280 281
280 286
280 304
280 316
280 319
280 322
280 354
280 360
280 395
280 464
280 470
280 497
280 532
280 604
280 679
281 382
281 423
281 435
281 437
281 508
281 562
281 563
281 614
281 631
281 638
281 662
282 283
282 310
282 489
282 539
282 554
282 595
282 640
282 651
282 672
283 322
283 404
283 407
283 441
283 442
283 497
283 516
283 611
283 650
283 651
283 678
283 699
284 310
284 311
284 332
284 393
284 400
284 405
284 422
284 462
284 534
284 643
284 645
284 657
284 683
285 286
285 296
285 329
285 335
285 340
285 410
285 417
285 429
285 437
285 444
285 475
285 506
285 594
285 640
285 644
285 653
286 287
286 301
286 307
286 359
286 379
286 380
286 403
286 427
286 547
286 576
286 617
286 644
286 687
287 288
287 299
287 304
287 374
287 380
287 386
287 421
287 430
287 446
287 482
287 625
287 626
287 684
287 692
288 290
288 299
288 442
288 451
288 461
288 508
288 549
288 585
288 615
288 662
288 686
289 292
289 312
289 434
289 460
289 505
289 508
289 516
289 540
289 545
289 557
289 560
289 564
289 568
289 591
289 654
289 673
289 689
290 326
290 329
290 338
290 361
290 385
290 419
290 441
290 458
290 471
290 486
290 567
290 596
290 639
290 644
290 652
290 673
291 342
291 507
291 551
291 596
291 666
291 691
292 293
292 394
292 422
292 434
292 435
292 438
292 440
292 480
292 489
292 498
292 505
292 527
292 576
292 598
292 626
292 639
292 691
293 301
293 348
293 415
293 417
293 428
293 429
293 433
293 454
293 480
293 489
293 561
293 595
293 606
293 640
294 299
294 300
294 316
294 354
294 358
294 428
294 457
294 488
294 489
294 505
294 549
294 556
294 602
294 609
294 618
294 648
294 670
295 312
295 324
295 396
295 412
295 445
295 454
295 463
295 535
295 546
295 559
295 565
295 583
295 601
295 605
295 628
295 674
295 683
296 297
296 304
296 438
296 455
296 501
296 533
296 555
296 593
296 631
296 664
296 684
296 698
297 312
297 313
297 334
297 359
297 399
297 403
297 418
297 430
297 444
297 448
297 454
297 455
297 474
297 518
297 540
297 546
297 557
297 630
297 678
298 302
298 306
298 390
298 413
298 431
298 465
298 501
298 514
298 576
299 309
299 311
299 313
299 336
299 357
299 366
299 387
299 443
299 460
299 500
299 542
299 550
299 627
299 647
299 650
299 662
300 343
300 360
300 362
300 383
300 408
300 482
300 490
300 501
300 503
300 540
300 600
300 601
300 631
300 634
300 645
300 646
300 684
301 304
301 315
301 337
301 363
301 404
301 420
301 445
301 447
301 454
301 516
301 599
301 605
301 627
301 629
301 635
301 664
301 668
301 674
301 698
302 371
302 459
302 473
302 519
302 526
302 530
302 538
302 560
302 613
302 627
302 663
302 664
302 666
302 675
302 682
302 686
303 304
303 387
303 452
303 463
303 465
303 482
303 524
303 542
303 563
303 578
303 605
303 606
303 626
303 689
303 697
304 315
304 316
304 321
304 337
304 344
304 346
304 390
304 428
304 498
304 551
304 593
304 619
304 625
305 306
305 339
305 364
305 373
305 393
305 413
305 471
305 509
305 532
305 575
305 582
305 611
305 635
305 661
305 668
306 321
306 347
306 349
306 363
306 369
306 373
306 376
306 378
306 446
306 454
306 463
306 575
306 579
306 591
306 603
306 617
306 666
307 346
307 421
307 422
307 426
307 483
307 528
307 533
307 551
307 555
307 560
307 596
307 681
307 693
308 310
308 316
308 390
308 393
308 419
308 488
308 501
308 568
308 618
308 628
308 642
308 653
308 657
308 677
308 683
309 337
309 365
309 482
309 489
309 491
309 496
309 500
309 538
309 542
309 551
309 586
309 610
309 660
309 673
309 682
309 687
310 349
310 385
310 398
310 434
310 445
310 491
310 617
310 618
310 620
310 643
310 686
311 314
311 330
311 356
311 363
311 370
311 395
311 399
311 443
311 447
311 497
311 514
311 522
311 568
311 586
311 596
311 606
311 636
311 640
311 651
311 662
311 678
311 680
311 685
311 689
312 329
312 358
312 393
312 416
312 440
312 521
312 697
313 355
313 392
313 422
313 428
313 504
313 563
313 591
313 597
313 614
313 642
313 660
314 320
314 362
314 365
314 388
314 433
314 435
314 447
314 451
314 484
314 488
314 498
314 643
315 362
315 378
315 389
315 459
315 476
315 492
315 632
315 683
316 334
316 352
316 356
316 385
316 392
316 400
316 483
316 510
316 521
316 550
316 561
316 575
316 646
316 655
317 318
317 419
317 433
317 483
317 488
317 492
317 562
317 576
317 622
317 623
317 658
317 660
317 677
317 700
318 363
318 380
318 429
318 433
318 446
318 451
318 456
318 475
318 506
318 516
318 526
318 576
318 595
318 610
319 356
319 364
319 398
319 430
319 481
319 503
319 512
319 514
319 520
319 532
319 571
319 593
319 634
319 641
320 354
320 366
320 383
320 418
320 427
320 465
320 493
320 537
320 552
320 554
320 609
320 642
320 663
320 683
321 359
321 362
321 392
321 432
321 450
321 454
321 472
321 475
321 500
321 562
321 565
321 588
321 691
322 334
322 335
322 405
322 440
322 464
322 484
322 500
322 510
322 512
322 608
322 649
322 654
322 672
322 676
323 324
323 328
323 348
323 383
323 396
323 403
323 413
323 442
323 464
323 501
323 517
323 529
323 538
323 611
323 618
323 643
323 658
323 670
324 361
324 372
324 415
324 467
324 498
324 552
324 580
324 582
324 619
324 654
325 350
325 387
325 422
325 424
325 434
325 465
325 530
325 546
325 548
325 554
325 581
325 655
325 656
325 678
325 685
326 350
326 361
326 388
326 438
326 448
326 497
326 518
326 542
326 565
326 569
326 571
326 684
326 690
327 432
327 458
327 474
327 510
327 513
327 525
327 526
327 529
327 546
327 550
327 571
327 581
327 604
327 612
327 624
328 349
328 424
328 450
328 487
328 510
328 530
328 562
328 652
328 680
329 346
329 356
329 376
329 390
329 391
329 406
329 431
329 480
329 513
329 526
329 543
329 634
329 685
330 336
330 368
330 429
330 505
330 545
330 576
330 588
330 613
330 664
330 678
331 332
331 335
331 416
331 417
331 421
331 524
331 552
331 564
331 601
331 645
331 655
331 693
332 353
332 366
332 405
332 412
332 437
332 478
332 532
332 536
332 566
332 570
332 602
332 698
333 334
333 341
333 345
333 362
333 391
333 392
333 536
333 564
333 572
333 636
333 638
333 681
333 684
334 357
334 378
334 445
334 465
334 524
334 529
334 531
334 554
334 558
334 607
334 616
334 639
334 675
334 699
335 336
335 350
335 354
335 394
335 411
335 457
335 464
335 465
335 483
335 502
335 506
335 513
335 541
335 574
335 602
335 655
336 345
336 364
336 410
336 421
336 464
336 469
336 525
336 537
336 590
336 610
336 631
336 662
337 341
337 362
337 387
337 466
337 492
337 495
337 541
337 583
337 588
337 611
337 620
337 666
337 668
338 339
338 340
338 341
338 385
338 397
338 403
338 444
338 446
338 499
338 505
338 506
338 524
338 547
338 554
338 588
338 607
338 689
339 402
339 416
339 478
339 511
339 519
339 581
339 599
339 601
339 614
340 378
340 379
340 384
340 393
340 440
340 450
340 465
340 497
340 569
340 571
340 601
340 622
340 642
340 649
341 453
341 544
341 625
341 654
341 673
341 690
341 692
342 343
342 420
342 450
342 499
342 505
342 552
342 559
342 596
342 657
342 669
343 406
343 410
343 411
343 415
343 418
343 425
343 441
343 451
343 452
343 457
343 533
343 595
343 629
343 635
343 654
343 655
343 662
343 672
344 372
344 382
344 424
344 447
344 459
344 464
344 502
344 506
344 548
344 551
344 554
344 635
344 641
344 691
345 394
345 395
345 446
345 458
345 475
345 478
345 504
345 506
345 561
345 608
345 616
345 619
345 652
345 674
346 349
346 350
346 380
346 381
346 470
346 481
346 486
346 506
346 538
346 565
346 591
346 592
346 638
346 695
347 358
347 384
347 396
347 398
347 450
347 463
347 547
347 559
347 569
347 578
347 658
347 685
348 391
348 471
348 493
348 529
348 596
348 653
348 671
348 686
349 376
349 421
349 443
349 446
349 471
349 501
349 504
349 514
349 517
349 540
349 566
349 568
349 593
349 618
349 657
349 664
349 687
350 353
350 357
350 385
350 415
350 421
350 432
350 457
350 539
350 540
350 569
350 581
350 598
350 603
350 613
350 656
350 678
351 420
351 429
351 437
351 461
351 573
351 587
351 636
351 637
351 659
351 685
351 694
352 374
352 400
352 409
352 419
352 451
352 452
352 503
352 505
352 568
352 637
352 650
352 652
352 692
353 356
353 400
353 416
353 496
353 497
353 553
353 571
353 682
354 357
354 362
354 366
354 379
354 386
354 403
354 407
354 531
354 622
354 623
354 646
354 689
354 697
355 358
355 360
355 362
355 391
355 475
355 476
355 482
355 501
355 504
355 580
355 644
355 685
355 687
356 378
356 391
356 420
356 437
356 442
356 453
356 483
356 519
356 528
356 538
356 541
356 658
357 367
357 369
357 370
357 377
357 400
357 413
357 432
357 440
357 645
357 658
357 686
358 360
358 362
358 377
358 384
358 389
358 402
358 445
358 447
358 466
358 503
358 544
358 586
358 592
358 600
358 613
358 660
358 675
359 362
359 380
359 407
359 412
359 414
359 419
359 425
359 429
359 440
359 444
359 483
359 511
359 523
359 560
359 573
359 625
359 630
359 686
360 436
360 469
360 495
360 517
360 562
360 570
360 611
360 641
361 362
361 420
361 480
361 485
361 487
361 489
361 499
361 502
361 507
361 510
361 585
361 597
361 604
361 623
361 631
361 657
361 674
361 678
362 405
362 427
362 437
362 459
362 497
362 515
362 526
362 570
362 602
362 618
362 641
362 645
362 656
362 681
362 694
363 364
363 370
363 389
363 405
363 422
363 497
363 525
363 540
363 543
363 635
363 636
363 667
363 672
364 375
364 383
364 488
364 495
364 540
364 580
364 604
364 628
364 647
365 366
365 419
365 432
365 447
365 470
365 538
365 581
365 586
365 595
365 599
365 617
365 645
365 685
365 686
366 374
366 429
366 433
366 442
366 451
366 537
366 577
367 368
367 374
367 381
367 417
367 431
367 472
367 478
367 504
367 545
367 549
367 648
367 693
368 390
368 455
368 600
368 632
368 669
368 680
368 682
369 380
369 437
369 453
369 533
369 566
369 592
369 616
369 618
369 629
370 372
370 460
370 484
370 517
370 524
370 527
370 559
370 562
370 587
370 592
370 605
370 612
370 632
370 634
370 690
371 374
371 441
371 452
371 469
371 506
371 555
371 563
371 571
371 590
371 611
371 655
371 679
372 381
372 451
372 459
372 551
372 619
372 665
372 669
372 671
372 681
372 689
373 376
373 428
373 484
373 496
373 555
373 559
373 572
373 590
373 670
373 692
373 694
374 390
374 417
374 419
374 423
374 426
374 428
374 468
374 502
374 510
374 514
374 560
374 586
374 629
374 634
375 379
375 399
375 509
375 539
375 583
375 606
375 639
375 640
375 643
375 647
376 413
376 495
376 500
376 516
376 527
376 534
376 623
376 660
376 671
376 682
377 378
377 384
377 396
377 406
377 466
377 472
377 475
377 507
377 508
377 559
377 595
377 603
377 629
377 652
377 672
377 673
377 676
378 386
378 407
378 459
378 482
378 485
378 508
378 553
378 569
378 611
378 618
378 623
378 660
379 380
379 452
379 556
379 567
379 591
379 649
380 390
380 425
380 471
380 480
380 506
380 614
380 647
380 671
380 694
381 383
381 412
381 415
381 479
381 536
381 549
381 576
381 585
381 647
382 398
382 449
382 467
382 481
382 484
382 541
382 569
382 578
382 598
382 649
382 690
383 385
383 398
383 416
383 421
383 458
383 496
383 500
383 511
383 516
383 524
383 537
383 545
383 554
383 555
383 557
383 563
383 569
383 571
383 587
383 603
383 617
383 649
384 417
384 423
384 439
384 442
384 474
384 475
384 562
384 574
384 586
384 599
384 605
384 636
384 651
384 698
385 394
385 433
385 445
385 465
385 473
385 488
385 534
385 561
385 671
385 673
385 682
386 387
386 388
386 390
386 407
386 457
386 512
386 529
386 548
386 564
386 616
386 637
386 650
386 661
387 389
387 423
387 433
387 492
387 560
387 568
387 596
387 599
387 605
387 615
387 623
387 643
388 392
388 474
388 555
388 564
388 597
388 611
388 615
388 617
388 649
388 658
388 660
388 662
389 410
389 446
389 477
389 479
389 510
389 542
389 572
389 606
389 632
390 417
390 436
390 472
390 545
390 582
390 587
390 654
390 669
391 454
391 504
391 509
391 510
391 535
391 540
391 545
391 571
391 627
391 670
391 675
391 677
391 688
392 433
392 550
392 563
392 571
392 577
392 628
392 631
392 634
392 635
392 639
392 671
392 686
393 413
393 429
393 436
393 465
393 477
393 480
393 540
393 637
393 680
393 697
394 397
394 416
394 426
394 452
394 502
394 523
394 530
394 566
394 582
394 583
394 613
394 615
394 624
394 630
394 637
394 670
394 678
395 399
395 411
395 422
395 444
395 464
395 482
395 487
395 493
395 501
395 514
395 556
395 569
395 614
395 634
395 644
395 658
395 692
395 696
395 697
396 440
396 442
396 454
396 465
396 478
396 515
396 516
396 530
396 557
396 562
396 567
396 582
396 596
396 605
396 680
397 424
397 425
397 488
397 500
397 542
397 593
397 631
397 662
397 673
397 684
398 422
398 512
398 518
398 522
398 531
398 538
398 540
398 549
398 612
398 626
398 644
399 412
399 413
399 424
399 433
399 438
399 470
399 485
399 493
399 500
399 519
399 562
399 587
399 606
399 638
399 641
399 673
399 682
399 687
400 402
400 472
400 644
400 679
400 698
401 402
401 420
401 424
401 436
401 443
401 459
401 505
401 515
401 519
401 532
401 576
401 583
401 596
401 609
401 611
402 468
402 528
402 576
402 616
402 666
402 668
402 679
402 690
402 699
403 428
403 462
403 501
403 548
403 563
403 586
403 606
403 607
403 625
403 650
403 654
403 699
404 431
404 435
404 482
404 551
404 593
404 595
404 615
404 635
404 637
404 651
405 440
405 442
405 451
405 470
405 477
405 510
405 523
405 547
405 573
405 593
405 598
405 606
405 611
406 421
406 433
406 462
406 520
406 527
406 609
406 625
406 648
406 669
406 673
406 692
407 440
407 450
407 479
407 482
407 489
407 496
407 538
407 554
407 599
408 412
408 455
408 505
408 519
408 562
408 600
408 605
408 639
408 696
409 415
409 423
409 475
409 535
410 443
410 488
410 491
410 503
410 518
410 674
410 678
410 694
411 416
411 440
411 452
411 457
411 619
411 624
411 633
411 642
411 658
411 664
411 674
412 552
412 601
412 623
412 629
412 652
412 672
412 691
413 414
413 455
413 462
413 471
413 486
413 513
413 586
413 634
413 635
413 664
413 691
413 694
414 434
414 444
414 535
414 539
414 557
414 578
414 586
414 602
414 613
414 681
414 683
414 698
415 416
415 461
415 469
415 471
415 513
415 625
415 674
415 697
416 418
416 442
416 464
416 482
416 501
416 529
416 568
416 599
416 607
416 626
416 651
417 419
417 441
417 459
417 490
417 504
417 510
417 516
417 520
417 539
417 570
417 576
417 623
417 625
417 651
417 662
417 674
417 693
418 419
418 549
418 595
419 427
419 432
419 475
419 486
419 520
419 544
419 550
419 657
419 662
419 666
419 676
419 695
420 468
420 499
420 531
420 551
420 568
420 577
420 648
420 657
421 431
421 465
421 487
421 499
421 528
421 532
421 590
421 593
421 630
421 635
421 686
422 423
422 429
422 482
422 548
422 598
422 622
422 640
422 693
423 428
423 451
423 486
423 514
423 526
423 528
423 566
423 569
423 593
423 613
423 640
423 673
423 695
424 426
424 438
424 484
424 520
424 526
424 529
424 546
424 566
424 614
424 623
424 636
424 645
424 665
425 481
425 537
425 578
425 613
425 660
425 664
426 444
426 565
426 569
426 576
426 661
427 481
427 484
427 486
427 498
427 501
427 518
427 523
427 540
427 585
427 592
427 649
427 665
428 429
428 441
428 442
428 467
428 501
428 510
428 536
428 538
428 544
428 594
428 596
428 610
428 614
428 678
429 482
429 630
429 648
430 431
430 437
430 476
430 504
430 508
430 619
430 658
430 670
430 681
430 689
430 699
431 479
431 516
431 562
431 566
431 577
431 626
431 632
431 645
431 662
432 455
432 481
432 490
432 522
432 621
432 626
432 649
432 674
432 687
433 435
433 454
433 482
433 508
433 532
433 585
433 588
433 640
433 657
433 669
433 682
434 435
434 478
434 479
434 484
434 501
434 502
434 503
434 547
434 561
434 616
434 626
434 678
435 444
435 494
435 538
435 578
435 595
435 643
435 645
435 646
435 656
435 679
435 683
436 439
436 450
436 477
436 518
436 524
436 551
436 619
436 658
436 683
436 700
437 452
437 460
437 489
437 514
437 553
437 581
437 591
437 628
437 655
437 657
437 661
437 681
437 683
437 685
437 689
438 453
438 492
438 539
438 559
438 648
438 653
438 692
439 459
439 482
439 518
439 571
439 588
439 590
439 600
439 622
439 646
439 651
439 665
440 458
440 486
440 504
440 541
440 554
440 609
440 627
440 628
440 678
441 456
441 486
441 500
441 529
441 550
441 614
441 650
441 652
441 656
441 661
441 666
442 445
442 467
442 525
442 535
442 573
442 639
442 648
442 674
443 449
443 491
443 513
443 570
443 581
443 614
443 622
443 627
443 645
443 649
443 659
443 660
444 528
444 532
444 553
444 571
444 601
444 641
444 657
445 477
445 494
445 511
445 525
445 535
445 543
445 553
445 591
445 602
445 611
445 624
445 666
446 447
446 464
446 471
446 504
446 606
446 624
446 637
446 650
446 685
446 696
447 529
447 533
447 537
447 552
447 565
447 587
447 589
447 615
447 633
447 678
448 449
448 462
448 477
448 481
448 568
448 572
448 607
448 647
448 693
449 458
449 488
449 522
449 573
449 578
449 588
449 631
449 644
449 675
449 676
449 681
450 470
450 506
450 552
450 570
450 617
450 623
450 655
450 658
450 685
451 464
451 516
451 534
451 561
451 584
451 608
451 633
451 657
451 659
451 677
452 454
452 476
452 504
452 535
452 570
452 632
452 641
452 668
453 458
453 502
453 507
453 525
453 578
453 596
453 666
453 695
454 477
454 508
454 509
454 559
454 587
454 606
454 652
454 678
455 457
455 511
455 520
455 579
455 580
455 597
455 613
455 680
455 681
455 696
456 515
456 539
456 572
456 575
456 576
456 619
456 638
456 699
457 465
457 483
457 538
457 606
457 635
457 639
457 660
457 685
458 459
458 522
458 572
458 586
458 609
458 645
459 603
459 606
459 622
459 651
459 660
460 462
460 484
460 486
460 548
460 559
460 571
460 597
460 626
460 632
460 635
460 655
460 688
460 700
461 494
461 522
461 525
461 572
461 601
461 631
461 640
461 645
461 654
461 655
461 672
461 683
461 684
462 477
462 506
462 534
462 561
462 567
463 464
463 510
463 532
463 613
463 619
463 638
463 640
463 652
463 671
464 465
464 467
464 503
464 505
464 537
464 557
464 567
464 610
464 618
464 690
464 696
465 469
465 532
465 547
465 554
465 562
465 576
465 636
465 650
465 655
465 656
465 659
465 691
466 493
466 509
466 537
466 551
466 555
466 590
467 535
467 537
467 538
467 539
467 592
467 606
467 614
467 648
467 668
468 473
468 478
468 505
468 516
468 565
468 604
468 607
468 626
468 641
468 691
469 478
469 488
469 490
469 514
469 524
469 530
469 541
469 588
469 608
469 614
469 638
469 664
469 669
469 685
469 693
469 700
470 471
470 489
470 503
470 508
470 549
470 599
470 604
470 611
470 618
470 629
470 679
471 546
471 549
471 603
471 659
472 494
472 503
472 579
472 681
472 682
472 686
473 477
473 555
473 605
473 626
474 485
474 488
474 491
474 517
474 519
474 530
474 560
474 573
474 580
474 583
474 593
474 606
474 617
474 637
474 643
474 668
474 676
474 679
475 476
475 480
475 500
475 537
475 575
475 582
475 649
475 677
475 695
476 492
476 557
476 585
476 595
476 639
476 675
477 497
477 534
477 564
477 599
477 646
477 660
477 685
477 698
478 479
478 483
478 497
478 533
478 545
478 547
478 572
478 587
478 604
479 486
479 506
479 528
479 572
479 575
479 612
479 618
479 636
479 659
479 668
479 670
479 691
479 692
479 699
480 482
480 601
480 618
481 509
481 534
481 630
481 641
481 698
482 484
482 525
482 552
482 558
482 605
482 635
482 651
482 682
483 518
483 531
483 534
483 588
483 589
483 591
483 597
483 635
483 644
483 645
483 650
484 508
484 522
484 528
484 542
484 593
484 601
484 607
484 644
484 660
485 545
485 599
485 621
485 689
485 690
485 697
486 499
486 516
486 528
486 610
486 639
486 682
487 492
487 511
487 529
487 591
487 606
487 645
487 669
487 678
488 489
488 492
488 552
488 575
488 640
488 677
489 523
489 561
489 588
489 617
489 639
489 693
490 491
490 541
490 546
490 550
490 629
490 673
491 535
491 559
491 561
491 575
491 584
491 586
491 593
491 664
491 667
491 673
491 683
492 508
492 519
492 532
492 583
492 591
492 607
493 495
493 591
493 629
493 638
493 671
493 698
494 503
494 518
494 520
494 534
494 684
495 507
495 566
495 593
495 604
495 625
495 650
496 497
496 551
496 600
496 627
496 651
497 568
497 596
497 598
497 623
497 691
497 692
498 532
498 536
498 542
498 582
498 608
498 623
498 627
498 653
498 664
498 676
499 531
499 539
499 558
499 566
499 567
499 578
499 589
499 635
499 649
499 678
500 501
500 502
500 515
500 555
500 594
500 596
500 599
500 601
500 643
500 648
500 693
501 505
501 552
501 570
501 573
501 595
501 619
501 630
501 658
502 503
502 528
502 580
502 634
502 682
502 696
502 697
503 505
503 509
503 528
503 534
503 570
503 604
503 637
503 693
504 506
504 613
504 619
504 628
504 698
504 699
505 510
505 527
505 569
505 575
505 577
505 580
505 599
505 601
505 655
506 552
506 554
506 579
506 641
506 673
507 565
507 582
507 593
507 646
507 689
507 696
508 510
508 514
508 532
508 558
508 598
508 602
508 639
508 667
509 522
509 566
509 577
509 610
509 634
509 670
509 695
510 527
510 529
510 571
510 640
510 676
510 694
511 514
511 559
511 585
511 599
511 624
511 649
511 656
511 658
511 666
512 551
512 555
512 567
512 574
512 580
512 611
512 646
512 653
513 522
513 624
513 643
513 655
514 570
514 667
514 673
514 682
515 534
515 570
515 588
515 597
515 632
515 644
516 544
516 545
516 585
517 518
517 519
517 546
517 573
517 579
517 581
517 632
517 673
517 681
517 684
517 696
518 552
518 564
518 568
518 579
518 599
518 611
518 622
518 632
518 636
518 639
518 663
518 679
518 698
518 700
519 522
519 524
519 532
519 574
519 620
519 661
519 676
519 682
519 683
520 531
520 566
520 573
520 574
520 578
520 660
520 663
520 678
520 690
521 637
521 643
521 654
521 664
521 669
522 531
522 643
522 658
522 680
522 698
523 525
523 543
523 559
523 578
523 614
523 616
523 670
523 683
524 531
524 540
524 560
524 595
524 602
524 606
524 640
524 686
525 529
525 535
525 552
525 555
525 589
525 639
525 653
525 671
526 617
526 627
526 648
526 676
526 687
526 688
527 529
527 567
527 574
527 593
527 691
527 698
528 529
528 540
528 546
528 560
528 563
528 599
528 604
528 671
529 541
529 547
529 569
529 585
529 603
529 660
530 531
530 563
530 569
530 570
530 572
530 576
530 580
530 677
530 689
531 603
531 618
531 670
531 681
532 539
532 555
532 612
532 618
532 652
532 673
532 674
532 678
533 537
533 543
533 566
533 578
533 586
533 673
533 684
533 691
534 536
534 544
534 552
534 577
534 606
534 618
534 623
534 647
534 674
534 679
534 687
534 700
535 563
535 601
535 612
535 614
535 618
535 646
535 688
536 544
536 587
536 596
536 617
536 618
536 619
536 623
536 668
536 674
537 540
537 554
537 563
537 573
537 582
537 589
538 539
538 557
538 565
538 569
538 572
538 617
538 619
538 657
539 553
539 554
539 583
539 610
539 623
539 633
540 578
540 586
540 595
540 604
541 542
541 564
541 584
541 585
541 621
541 635
541 640
541 666
542 593
542 634
542 644
542 657
543 573
543 585
543 606
543 641
543 658
543 664
544 545
544 557
544 594
544 611
544 616
544 636
544 645
545 611
545 644
545 659
545 660
545 674
545 692
545 698
546 547
546 552
546 604
546 620
546 632
546 675
547 550
547 561
547 574
547 584
547 599
547 619
547 651
547 669
548 550
548 558
548 571
548 596
548 615
548 693
549 551
549 558
549 567
549 571
549 621
549 625
549 639
549 642
549 650
550 573
550 581
550 594
550 602
550 611
550 638
550 698
551 560
551 574
551 611
551 653
551 657
551 672
551 693
552 581
552 587
552 608
552 675
553 556
553 568
553 569
553 579
553 627
553 630
553 680
554 586
554 614
554 615
554 620
554 673
555 580
555 586
555 622
555 631
555 643
555 669
556 568
556 581
556 584
556 591
556 633
556 689
557 572
557 593
557 628
557 640
557 664
557 667
557 699
558 580
558 584
558 586
558 636
558 648
558 649
558 653
558 677
558 694
559 642
559 677
560 563
560 574
560 597
560 646
560 674
560 680
560 698
561 574
561 580
561 606
561 661
562 572
562 586
562 599
562 677
563 573
563 577
563 633
563 661
563 664
564 567
564 609
564 612
564 616
564 638
564 662
565 567
565 581
565 613
565 614
565 635
565 647
565 664
565 675
566 571
566 573
566 598
566 629
566 633
567 671
567 677
568 570
568 582
568 607
568 640
568 686
569 607
569 632
569 642
570 589
570 612
570 630
570 648
570 669
571 575
571 577
571 593
571 648
571 661
571 676
572 604
572 620
572 642
572 658
572 665
572 688
573 604
573 682
574 577
574 607
574 612
574 619
574 647
574 669
574 674
574 692
574 699
575 605
575 617
575 620
575 679
575 699
576 582
577 607
577 616
577 638
577 662
577 667
577 675
578 580
578 623
578 632
578 634
578 638
578 639
578 668
578 681
578 699
579 637
579 650
579 677
579 693
580 581
580 591
580 632
580 648
581 625
581 643
581 678
582 584
582 585
582 639
582 658
582 694
583 667
584 595
584 614
584 632
584 633
584 637
584 656
584 672
585 622
585 639
585 673
586 587
586 598
586 639
586 649
586 669
586 700
587 595
588 590
588 619
588 659
588 688
588 697
589 633
589 674
589 676
590 675
590 678
590 691
591 599
591 605
591 613
591 628
591 638
591 646
591 659
592 651
592 681
593 594
593 633
593 687
593 691
595 596
595 598
595 610
595 613
595 640
595 652
595 659
595 687
595 689
595 695
596 669
596 696
597 610
597 637
597 659
597 663
597 668
597 674
597 678
598 610
598 613
598 635
598 651
598 659
598 687
598 700
599 601
599 612
600 629
601 604
601 638
601 681
601 688
602 625
602 651
602 698
603 604
603 609
603 617
603 647
603 649
604 627
605 650
606 623
606 625
606 645
606 652
606 654
606 656
606 671
607 612
607 655
607 682
607 697
608 610
608 621
608 700
609 677
610 636
611 614
611 622
611 654
611 679
612 615
612 629
612 630
612 676
612 690
613 618
613 647
614 635
614 641
614 656
614 664
615 630
615 641
615 686
616 649
616 651
616 652
616 662
616 674
617 618
617 675
618 640
618 644
619 626
619 663
619 679
619 683
620 643
621 630
621 673
622 654
622 689
622 695
623 625
623 664
623 687
623 688
624 651
624 675
625 626
625 630
625 637
625 646
625 689
626 638
626 646
626 663
627 628
627 629
627 646
627 671
627 687
627 688
628 629
628 630
628 642
628 679
628 684
629 660
629 684
630 631
630 660
630 667
630 687
631 667
631 697
632 635
632 654
632 695
633 640
633 656
633 675
635 648
636 700
637 638
637 651
637 685
638 641
638 695
638 698
639 643
639 679
639 686
640 653
641 647
641 677
641 678
642 692
643 656
643 662
644 645
645 687
646 649
647 653
647 664
647 679
647 699
648 675
649 665
650 654
650 658
650 674
650 679
650 698
651 678
651 692
652 676
653 658
654 661
654 690
655 656
655 691
656 665
657 666
657 668
657 679
657 694
660 665
660 700
661 674
661 696
662 694
664 688
664 697
665 669
665 675
665 698
667 680
667 684
667 693
668 670
668 683
668 695
668 698
669 687
670 700
671 689
672 673
672 683
673 690
674 685
676 678
676 683
678 700
679 680
680 688
681 683
681 688
681 690
686 689
690 692
693 694
695 696
698 699
