750
10173
1 10
1 45
1 56
1 82
1 120
1 121
1 148
1 216
1 235
1 239
1 312
1 367
1 373
1 377
1 433
1 486
1 498
1 535
1 540
1 564
1 571
1 600
1 625
1 686
2 115
2 120
2 142
2 144
2 168
2 181
2 184
2 214
2 244
2 330
2 349
2 370
2 376
2 395
2 402
2 438
2 442
2 470
2 500
2 602
2 713
2 736
3 9
3 35
3 57
3 58
3 63
3 74
3 131
3 143
3 154
3 156
3 210
3 244
3 306
3 327
3 328
3 334
3 338
3 388
3 515
3 516
3 528
3 538
3 545
3 591
3 596
3 599
3 618
3 626
3 639
3 664
3 672
3 682
4 71
4 93
4 94
4 97
4 152
4 154
4 182
4 218
4 256
4 265
4 274
4 335
4 361
4 391
4 432
4 456
4 487
4 490
4 491
4 507
4 577
4 614
4 632
4 636
4 655
4 684
4 704
4 719
5 29
5 33
5 51
5 148
5 207
5 218
5 303
5 308
5 332
5 341
5 347
5 363
5 377
5 381
5 389
5 400
5 412
5 413
5 419
5 467
5 483
5 511
5 529
5 532
5 544
5 593
5 606
5 638
5 662
5 671
5 705
5 722
5 733
5 746
5 748
5 750
6 48
6 276
6 307
6 308
6 326
6 403
6 404
6 478
6 531
6 540
6 547
6 549
6 592
6 623
6 639
6 706
6 740
6 749
7 116
7 140
7 152
7 165
7 188
7 202
7 207
7 223
7 251
7 267
7 271
7 287
7 316
7 332
7 333
7 428
7 439
7 443
7 461
7 476
7 486
7 488
7 551
7 564
7 571
7 587
7 649
7 661
7 682
7 723
8 22
8 33
8 55
8 126
8 133
8 206
8 216
8 218
8 239
8 243
8 269
8 370
8 383
8 384
8 394
8 419
8 458
8 477
8 487
8 501
8 504
8 510
8 590
8 599
8 624
8 645
8 682
8 724
9 17
9 18
9 28
9 35
9 49
9 60
9 70
9 82
9 86
9 92
9 111
9 184
9 242
9 249
9 316
9 317
9 320
9 368
9 426
9 428
9 517
9 526
9 532
9 590
9 603
9 683
9 710
10 15
10 21
10 98
10 115
10 148
10 151
10 161
10 182
10 187
10 239
10 254
10 256
10 308
10 338
10 342
10 343
10 344
10 379
10 390
10 406
10 440
10 561
10 617
10 620
10 635
10 675
10 749
11 12
11 13
11 62
11 133
11 188
11 193
11 202
11 243
11 279
11 295
11 305
11 319
11 325
11 361
11 377
11 399
11 426
11 434
11 539
11 561
11 598
11 640
11 651
11 685
11 726
11 742
12 81
12 85
12 116
12 157
12 187
12 197
12 199
12 213
12 239
12 280
12 281
12 304
12 332
12 369
12 380
12 386
12 500
12 513
12 521
12 525
12 609
12 614
12 619
12 732
12 744
13 38
13 51
13 86
13 90
13 95
13 97
13 100
13 111
13 123
13 141
13 156
13 178
13 196
13 197
13 244
13 299
13 331
13 358
13 393
13 427
13 430
13 431
13 479
13 578
13 649
13 662
13 674
13 682
13 683
13 701
13 704
14 15
14 21
14 27
14 33
14 114
14 149
14 314
14 344
14 358
14 398
14 426
14 436
14 457
14 522
14 540
14 577
14 582
14 617
14 641
14 687
14 693
14 705
14 711
14 741
15 32
15 37
15 129
15 161
15 182
15 190
15 198
15 237
15 239
15 258
15 344
15 349
15 356
15 369
15 411
15 414
15 465
15 499
15 507
15 509
15 516
15 523
15 547
15 549
15 574
15 600
15 636
15 681
16 19
16 26
16 103
16 127
16 131
16 154
16 190
16 191
16 201
16 232
16 290
16 296
16 308
16 360
16 458
16 479
16 504
16 522
16 539
16 575
16 583
16 631
16 676
16 683
16 687
16 688
16 697
16 703
16 706
16 724
17 25
17 100
17 120
17 147
17 191
17 231
17 289
17 398
17 442
17 443
17 479
17 497
17 511
17 528
17 536
17 540
17 545
17 546
17 601
17 603
17 634
17 650
17 661
17 673
17 689
18 100
18 102
18 111
18 216
18 276
18 310
18 316
18 323
18 351
18 383
18 426
18 433
18 468
18 469
18 481
18 495
18 516
18 526
18 673
18 702
18 709
19 61
19 147
19 161
19 170
19 178
19 185
19 191
19 232
19 270
19 343
19 344
19 377
19 407
19 452
19 521
19 556
19 575
19 605
19 644
19 668
19 723
20 21
20 40
20 65
20 70
20 117
20 121
20 128
20 194
20 209
20 227
20 242
20 254
20 259
20 325
20 424
20 433
20 445
20 453
20 514
20 568
20 612
20 617
20 625
20 628
20 629
20 654
20 688
20 745
21 55
21 74
21 114
21 126
21 128
21 129
21 159
21 172
21 239
21 283
21 393
21 412
21 451
21 466
21 473
21 498
21 513
21 516
21 541
21 605
21 665
21 670
21 684
21 711
21 745
22 40
22 66
22 104
22 111
22 137
22 182
22 239
22 276
22 326
22 342
22 391
22 397
22 407
22 409
22 440
22 450
22 455
22 458
22 462
22 497
22 517
22 526
22 537
22 578
22 590
22 646
22 648
22 668
22 716
23 28
23 37
23 95
23 98
23 147
23 154
23 206
23 240
23 255
23 295
23 300
23 318
23 341
23 342
23 347
23 366
23 384
23 415
23 431
23 448
23 486
23 503
23 523
23 527
23 556
23 584
23 611
23 633
23 646
23 662
23 678
23 685
23 686
23 739
24 33
24 38
24 88
24 140
24 148
24 202
24 325
24 468
24 503
24 578
24 642
24 655
24 663
24 667
24 685
24 687
24 713
24 723
25 75
25 76
25 90
25 130
25 159
25 284
25 289
25 290
25 292
25 326
25 372
25 385
25 390
25 394
25 483
25 574
25 611
25 626
25 630
25 666
25 710
25 711
25 746
26 36
26 75
26 100
26 105
26 110
26 116
26 156
26 174
26 246
26 305
26 380
26 391
26 423
26 433
26 465
26 468
26 484
26 495
26 533
26 556
26 557
26 586
26 646
27 29
27 32
27 76
27 80
27 93
27 140
27 182
27 240
27 271
27 290
27 292
27 466
27 497
27 505
27 516
27 578
27 604
27 649
27 652
27 663
27 671
27 706
27 711
28 35
28 37
28 38
28 45
28 58
28 64
28 79
28 88
28 110
28 131
28 300
28 330
28 341
28 351
28 390
28 458
28 544
28 595
28 602
28 614
28 632
28 667
28 680
28 684
28 714
28 740
29 33
29 59
29 62
29 77
29 96
29 97
29 156
29 160
29 173
29 176
29 183
29 263
29 303
29 320
29 384
29 421
29 448
29 452
29 456
29 480
29 541
29 632
29 647
29 665
29 735
29 744
30 60
30 91
30 115
30 146
30 231
30 250
30 289
30 322
30 323
30 391
30 413
30 438
30 453
30 454
30 469
30 472
30 483
30 509
30 585
30 632
30 695
30 706
31 32
31 75
31 80
31 161
31 185
31 211
31 212
31 237
31 239
31 307
31 333
31 350
31 394
31 441
31 466
31 467
31 526
31 532
31 605
31 616
31 617
31 622
31 633
31 666
31 682
31 716
31 724
31 738
32 33
32 36
32 45
32 52
32 54
32 112
32 138
32 160
32 179
32 239
32 247
32 264
32 277
32 326
32 339
32 393
32 405
32 510
32 589
32 602
32 608
32 610
32 628
32 630
32 642
32 653
32 739
33 48
33 52
33 93
33 137
33 202
33 264
33 424
33 427
33 489
33 493
33 511
33 568
33 608
33 611
33 653
33 668
33 671
33 741
34 39
34 45
34 118
34 159
34 166
34 198
34 255
34 261
34 281
34 331
34 402
34 405
34 414
34 422
34 522
34 558
34 575
34 619
34 621
34 633
34 652
34 658
35 38
35 43
35 56
35 70
35 107
35 120
35 123
35 138
35 146
35 201
35 203
35 250
35 331
35 337
35 361
35 367
35 383
35 392
35 417
35 445
35 496
35 520
35 583
35 584
35 629
35 632
35 641
35 649
35 700
35 710
35 712
35 720
35 726
36 50
36 62
36 72
36 144
36 206
36 235
36 252
36 259
36 274
36 306
36 381
36 393
36 397
36 432
36 607
36 634
36 659
36 683
36 709
36 712
36 734
36 738
37 102
37 145
37 148
37 218
37 219
37 246
37 249
37 273
37 293
37 349
37 399
37 410
37 414
37 443
37 505
37 574
37 575
37 576
37 584
37 636
37 650
37 663
37 682
37 706
37 721
38 45
38 69
38 164
38 189
38 225
38 228
38 249
38 281
38 314
38 326
38 345
38 353
38 374
38 426
38 436
38 454
38 477
38 489
38 495
38 502
38 535
38 567
38 604
38 614
38 621
38 624
38 639
38 717
38 723
38 732
39 41
39 62
39 134
39 171
39 180
39 293
39 298
39 315
39 329
39 332
39 334
39 335
39 342
39 347
39 352
39 360
39 362
39 436
39 442
39 468
39 506
39 515
39 533
39 583
39 588
39 671
39 691
39 726
39 737
40 75
40 150
40 153
40 186
40 236
40 240
40 242
40 260
40 275
40 280
40 374
40 395
40 410
40 424
40 498
40 499
40 509
40 514
40 517
40 538
40 567
40 603
40 612
40 628
40 658
40 697
40 717
40 744
41 59
41 64
41 90
41 121
41 156
41 180
41 193
41 260
41 299
41 325
41 382
41 384
41 420
41 428
41 436
41 437
41 445
41 450
41 456
41 484
41 586
41 592
41 610
41 626
41 630
41 646
41 665
41 682
41 704
42 85
42 87
42 117
42 121
42 141
42 176
42 186
42 203
42 238
42 241
42 248
42 266
42 321
42 347
42 382
42 384
42 388
42 404
42 422
42 439
42 478
42 540
42 564
42 573
42 589
42 616
42 632
42 694
42 746
42 748
43 60
43 83
43 84
43 106
43 145
43 152
43 159
43 162
43 163
43 194
43 211
43 223
43 235
43 246
43 250
43 269
43 276
43 282
43 284
43 325
43 370
43 410
43 456
43 461
43 512
43 529
43 540
43 543
43 568
43 589
43 605
43 616
43 621
43 629
43 653
43 675
43 702
44 93
44 157
44 188
44 206
44 219
44 220
44 310
44 364
44 412
44 423
44 443
44 456
44 503
44 553
44 563
44 575
44 581
44 643
44 686
44 688
44 719
44 748
45 67
45 136
45 186
45 222
45 236
45 245
45 273
45 295
45 296
45 338
45 342
45 346
45 359
45 537
45 559
45 570
45 586
45 606
45 613
45 656
45 680
45 696
45 703
45 725
45 742
46 49
46 97
46 108
46 175
46 235
46 247
46 360
46 374
46 389
46 406
46 476
46 482
46 505
46 506
46 523
46 537
46 555
46 597
46 610
46 615
46 630
46 672
46 734
46 736
47 86
47 115
47 118
47 129
47 134
47 280
47 302
47 334
47 335
47 352
47 376
47 395
47 434
47 483
47 546
47 553
47 588
47 677
47 704
47 716
47 726
47 740
48 127
48 133
48 138
48 147
48 209
48 235
48 242
48 272
48 304
48 323
48 327
48 337
48 372
48 373
48 389
48 395
48 407
48 416
48 418
48 438
48 445
48 473
48 505
48 570
48 602
48 605
48 606
48 626
48 675
48 732
49 74
49 120
49 140
49 169
49 176
49 192
49 242
49 249
49 255
49 257
49 286
49 299
49 361
49 382
49 385
49 410
49 470
49 501
49 617
49 652
49 698
49 722
49 738
49 743
50 52
50 166
50 215
50 265
50 312
50 319
50 365
50 395
50 413
50 455
50 482
50 588
50 612
50 624
50 625
50 630
50 690
50 715
50 750
51 97
51 100
51 136
51 137
51 155
51 159
51 228
51 296
51 306
51 332
51 338
51 344
51 385
51 406
51 461
51 472
51 534
51 563
51 573
51 585
51 593
51 602
51 610
51 647
51 661
51 663
51 698
51 708
52 55
52 57
52 61
52 77
52 122
52 177
52 205
52 257
52 283
52 299
52 305
52 307
52 374
52 375
52 462
52 503
52 522
52 547
52 594
52 604
52 643
52 655
52 659
52 660
52 718
52 733
52 749
53 55
53 63
53 79
53 95
53 106
53 110
53 150
53 153
53 169
53 179
53 184
53 192
53 215
53 234
53 274
53 284
53 355
53 360
53 365
53 369
53 400
53 444
53 447
53 476
53 535
53 538
53 557
53 580
53 583
53 634
53 645
53 673
53 682
53 687
53 743
53 745
54 149
54 183
54 234
54 240
54 278
54 295
54 340
54 342
54 392
54 398
54 402
54 403
54 404
54 500
54 509
54 547
54 550
54 573
54 583
54 616
54 618
54 646
54 689
54 708
54 741
55 67
55 86
55 97
55 99
55 112
55 125
55 174
55 206
55 209
55 263
55 271
55 283
55 333
55 359
55 399
55 480
55 486
55 560
55 586
55 616
55 617
55 644
55 648
55 650
55 705
55 732
56 57
56 78
56 89
56 98
56 164
56 193
56 204
56 251
56 258
56 266
56 398
56 417
56 428
56 506
56 546
56 602
56 639
56 641
56 643
56 671
56 696
56 740
57 117
57 119
57 150
57 155
57 171
57 174
57 207
57 236
57 263
57 270
57 385
57 402
57 467
57 537
57 621
57 633
57 667
57 682
57 691
58 61
58 65
58 79
58 115
58 121
58 135
58 136
58 240
58 264
58 291
58 297
58 305
58 317
58 376
58 397
58 458
58 483
58 484
58 486
58 575
58 582
58 589
58 662
58 713
59 61
59 105
59 123
59 130
59 169
59 171
59 173
59 247
59 271
59 309
59 329
59 353
59 396
59 408
59 460
59 550
59 562
59 588
59 600
59 608
59 678
59 682
59 733
59 746
60 63
60 73
60 87
60 109
60 141
60 180
60 189
60 197
60 218
60 261
60 283
60 335
60 362
60 382
60 424
60 431
60 570
60 575
60 577
60 601
60 668
60 704
60 715
61 62
61 66
61 109
61 142
61 246
61 261
61 279
61 321
61 330
61 371
61 375
61 379
61 406
61 434
61 443
61 459
61 463
61 510
61 513
61 524
61 530
61 531
61 548
61 602
61 624
61 637
61 747
61 749
62 64
62 75
62 88
62 110
62 140
62 185
62 188
62 217
62 272
62 277
62 280
62 298
62 302
62 310
62 333
62 368
62 397
62 433
62 450
62 456
62 513
62 515
62 618
62 655
62 686
62 695
62 722
62 746
62 750
63 130
63 141
63 237
63 256
63 308
63 358
63 392
63 413
63 444
63 470
63 499
63 500
63 541
63 594
63 659
63 661
63 685
63 691
63 718
64 78
64 193
64 215
64 223
64 256
64 273
64 299
64 316
64 344
64 364
64 373
64 386
64 403
64 410
64 451
64 483
64 510
64 514
64 517
64 525
64 551
64 638
64 663
64 672
64 680
64 700
64 723
65 67
65 97
65 103
65 122
65 124
65 182
65 271
65 322
65 332
65 346
65 349
65 420
65 454
65 461
65 480
65 505
65 514
65 586
65 602
65 606
65 617
65 663
65 736
65 747
66 132
66 153
66 181
66 194
66 298
66 310
66 341
66 346
66 351
66 387
66 388
66 523
66 536
66 657
66 674
66 734
66 746
66 750
67 78
67 173
67 197
67 213
67 225
67 226
67 236
67 263
67 283
67 285
67 289
67 310
67 334
67 394
67 463
67 470
67 488
67 511
67 552
67 561
67 599
67 600
67 606
67 629
67 635
67 644
67 711
67 713
67 745
68 69
68 78
68 118
68 190
68 203
68 213
68 220
68 233
68 257
68 265
68 277
68 295
68 349
68 438
68 466
68 490
68 503
68 514
68 564
68 617
68 640
68 699
68 744
68 747
69 75
69 157
69 182
69 204
69 277
69 305
69 380
69 397
69 437
69 459
69 482
69 490
69 504
69 545
69 616
69 617
69 641
69 649
69 686
69 687
69 691
69 733
70 97
70 99
70 137
70 164
70 184
70 187
70 234
70 236
70 240
70 253
70 351
70 354
70 361
70 368
70 392
70 441
70 491
70 560
70 573
70 584
70 612
70 633
70 699
71 88
71 171
71 202
71 250
71 305
71 344
71 346
71 350
71 413
71 421
71 448
71 451
71 493
71 498
71 586
71 611
71 618
71 643
71 660
71 693
71 709
71 716
71 719
72 94
72 109
72 155
72 170
72 181
72 199
72 311
72 378
72 389
72 430
72 468
72 502
72 523
72 574
72 594
72 620
72 630
72 632
72 662
72 669
72 691
72 696
72 750
73 196
73 289
73 302
73 306
73 371
73 392
73 406
73 411
73 427
73 599
73 638
73 652
73 686
73 694
73 723
74 103
74 112
74 126
74 212
74 218
74 264
74 426
74 438
74 445
74 450
74 464
74 477
74 533
74 588
74 624
74 656
74 674
74 678
74 714
74 734
74 745
75 95
75 96
75 107
75 157
75 219
75 249
75 251
75 259
75 269
75 475
75 495
75 529
75 575
75 598
75 701
75 729
76 78
76 113
76 116
76 197
76 210
76 216
76 275
76 312
76 318
76 319
76 414
76 416
76 417
76 500
76 552
76 557
76 562
76 595
76 618
76 626
76 628
76 661
76 714
76 724
76 743
76 749
77 82
77 96
77 105
77 152
77 154
77 175
77 190
77 211
77 240
77 287
77 329
77 330
77 338
77 363
77 395
77 408
77 492
77 509
77 568
77 575
77 642
77 653
77 655
77 668
77 688
77 691
77 724
77 735
78 114
78 136
78 158
78 179
78 216
78 259
78 284
78 311
78 355
78 391
78 406
78 426
78 454
78 476
78 481
78 534
78 543
78 551
78 566
78 604
78 610
78 621
78 641
78 657
78 704
79 106
79 116
79 126
79 132
79 142
79 169
79 194
79 233
79 272
79 299
79 311
79 329
79 335
79 337
79 376
79 476
79 494
79 587
79 613
79 642
79 707
79 711
79 726
80 83
80 106
80 140
80 148
80 152
80 183
80 210
80 225
80 320
80 335
80 355
80 362
80 372
80 377
80 415
80 424
80 460
80 522
80 558
80 593
80 616
80 643
80 655
80 670
80 684
80 698
80 703
80 707
80 710
80 716
81 91
81 100
81 102
81 110
81 113
81 122
81 127
81 131
81 242
81 364
81 380
81 407
81 417
81 509
81 514
81 570
81 574
81 601
81 659
81 693
81 719
81 723
81 735
82 87
82 92
82 225
82 258
82 272
82 305
82 381
82 384
82 394
82 416
82 470
82 488
82 590
82 704
82 733
83 94
83 161
83 177
83 202
83 257
83 346
83 401
83 406
83 479
83 571
83 599
83 607
83 666
83 706
84 85
84 87
84 110
84 180
84 195
84 322
84 335
84 371
84 399
84 400
84 426
84 495
84 509
84 518
84 568
84 597
84 629
84 737
84 743
85 107
85 123
85 124
85 142
85 206
85 210
85 227
85 228
85 240
85 256
85 307
85 347
85 360
85 444
85 468
85 469
85 475
85 534
85 537
85 570
85 620
85 622
85 637
85 679
85 715
86 87
86 92
86 97
86 104
86 170
86 174
86 178
86 180
86 200
86 212
86 251
86 268
86 353
86 359
86 380
86 387
86 390
86 419
86 452
86 512
86 529
86 536
86 583
86 598
86 630
86 661
86 683
86 687
87 155
87 191
87 194
87 213
87 225
87 292
87 313
87 323
87 330
87 339
87 404
87 426
87 427
87 441
87 461
87 492
87 513
87 514
87 528
87 547
87 557
87 562
87 633
87 648
87 676
88 95
88 105
88 107
88 237
88 262
88 267
88 359
88 389
88 397
88 400
88 451
88 466
88 516
88 543
88 546
88 557
88 600
88 603
88 639
88 655
88 713
88 715
89 105
89 114
89 130
89 140
89 264
89 326
89 349
89 386
89 407
89 418
89 423
89 502
89 524
89 540
89 556
89 632
89 645
89 666
89 697
89 711
89 735
90 98
90 104
90 126
90 137
90 182
90 213
90 226
90 294
90 303
90 326
90 338
90 342
90 359
90 372
90 487
90 536
90 540
90 544
90 575
90 580
90 588
90 632
90 650
90 673
90 683
90 720
90 748
91 124
91 132
91 224
91 226
91 233
91 275
91 360
91 362
91 409
91 432
91 442
91 450
91 471
91 484
91 499
91 638
91 648
91 662
91 716
91 727
92 177
92 209
92 210
92 239
92 242
92 258
92 276
92 353
92 386
92 399
92 443
92 444
92 510
92 537
92 542
92 642
92 738
93 98
93 121
93 173
93 193
93 199
93 208
93 264
93 292
93 323
93 327
93 368
93 417
93 430
93 457
93 458
93 480
93 495
93 518
93 553
93 603
93 608
93 634
93 659
93 669
93 694
93 703
94 95
94 159
94 239
94 254
94 255
94 287
94 359
94 387
94 396
94 432
94 468
94 540
94 580
94 581
94 649
94 658
94 749
95 112
95 134
95 221
95 227
95 241
95 276
95 278
95 325
95 329
95 355
95 365
95 419
95 472
95 481
95 489
95 507
95 529
95 557
95 562
95 579
95 602
95 652
95 663
95 677
95 710
95 747
96 98
96 104
96 114
96 121
96 128
96 145
96 193
96 206
96 212
96 234
96 260
96 262
96 394
96 417
96 455
96 498
96 504
96 509
96 514
96 518
96 526
96 568
96 617
96 647
96 654
96 655
96 677
96 695
96 714
97 104
97 119
97 120
97 122
97 204
97 207
97 239
97 247
97 284
97 294
97 375
97 391
97 450
97 453
97 459
97 478
97 493
97 555
97 628
97 689
97 730
98 117
98 139
98 188
98 200
98 247
98 250
98 298
98 400
98 449
98 454
98 469
98 477
98 478
98 504
98 505
98 516
98 528
98 542
98 546
98 582
98 584
98 674
98 709
98 739
99 102
99 108
99 109
99 120
99 127
99 131
99 145
99 197
99 218
99 256
99 274
99 293
99 308
99 314
99 329
99 330
99 368
99 446
99 450
99 463
99 481
99 534
99 535
99 575
99 584
99 591
99 650
99 659
99 660
99 674
99 716
99 742
100 147
100 245
100 321
100 358
100 377
100 388
100 400
100 403
100 438
100 445
100 453
100 463
100 477
100 483
100 507
100 512
100 518
100 520
100 593
100 658
100 718
100 741
101 105
101 142
101 168
101 182
101 183
101 189
101 219
101 234
101 253
101 276
101 280
101 314
101 358
101 383
101 398
101 540
101 548
101 582
101 603
101 637
101 679
101 684
101 699
101 722
102 163
102 238
102 294
102 317
102 319
102 352
102 371
102 575
102 605
102 646
102 666
102 691
102 715
102 728
102 730
102 731
103 104
103 116
103 139
103 154
103 238
103 295
103 297
103 310
103 332
103 344
103 363
103 449
103 452
103 467
103 473
103 481
103 502
103 517
103 535
103 684
103 698
104 127
104 191
104 199
104 205
104 239
104 282
104 290
104 363
104 387
104 430
104 438
104 453
104 455
104 457
104 470
104 471
104 472
104 507
104 537
104 638
104 643
104 648
104 668
104 727
105 106
105 110
105 112
105 146
105 147
105 155
105 219
105 224
105 237
105 259
105 262
105 284
105 301
105 318
105 378
105 389
105 394
105 469
105 485
105 501
105 594
105 602
105 635
105 643
105 740
105 743
106 125
106 175
106 176
106 204
106 242
106 283
106 335
106 405
106 414
106 470
106 487
106 488
106 497
106 530
106 576
106 591
106 613
106 671
106 697
106 724
106 739
107 125
107 136
107 200
107 218
107 224
107 230
107 247
107 362
107 385
107 508
107 523
107 574
107 575
107 586
107 625
107 662
107 675
107 687
107 708
107 721
108 138
108 144
108 178
108 180
108 191
108 257
108 279
108 283
108 297
108 307
108 383
108 394
108 424
108 454
108 461
108 585
108 586
108 608
108 652
108 696
108 716
108 731
108 736
108 750
109 128
109 165
109 191
109 224
109 244
109 256
109 280
109 285
109 294
109 350
109 353
109 355
109 363
109 448
109 481
109 527
109 543
109 558
109 559
109 622
109 661
109 668
110 111
110 147
110 175
110 225
110 241
110 244
110 245
110 252
110 256
110 258
110 270
110 303
110 338
110 341
110 354
110 384
110 424
110 441
110 471
110 476
110 490
110 511
110 577
110 679
110 683
110 719
110 733
111 116
111 147
111 157
111 180
111 186
111 212
111 235
111 243
111 259
111 280
111 342
111 463
111 480
111 509
111 518
111 569
111 570
111 580
111 617
111 641
111 644
111 670
111 671
111 711
111 742
112 125
112 209
112 224
112 232
112 234
112 316
112 359
112 361
112 364
112 394
112 415
112 444
112 445
112 556
112 594
112 599
112 614
112 637
112 671
112 679
112 683
112 727
112 737
113 118
113 127
113 180
113 252
113 293
113 344
113 375
113 393
113 421
113 449
113 482
113 538
113 588
113 649
113 665
113 671
113 727
113 743
114 134
114 165
114 167
114 168
114 203
114 214
114 238
114 243
114 288
114 294
114 312
114 378
114 390
114 423
114 436
114 526
114 570
114 586
114 590
114 669
114 677
114 703
114 713
115 117
115 128
115 151
115 155
115 167
115 187
115 236
115 244
115 261
115 289
115 351
115 355
115 377
115 386
115 435
115 437
115 466
115 483
115 515
115 544
115 615
115 653
115 683
115 689
115 697
115 712
115 744
116 163
116 206
116 208
116 290
116 299
116 349
116 361
116 394
116 541
116 552
116 569
116 658
116 664
116 698
116 722
117 148
117 202
117 271
117 306
117 373
117 442
117 448
117 451
117 464
117 529
117 581
117 676
117 716
118 122
118 151
118 223
118 289
118 290
118 293
118 318
118 364
118 423
118 450
118 457
118 462
118 470
118 517
118 536
118 562
118 624
118 629
118 701
118 719
119 120
119 137
119 156
119 166
119 191
119 194
119 213
119 215
119 236
119 254
119 275
119 362
119 364
119 367
119 404
119 502
119 533
119 567
119 623
119 631
119 650
119 662
119 668
119 696
120 157
120 162
120 165
120 261
120 304
120 324
120 370
120 392
120 406
120 459
120 486
120 498
120 515
120 547
120 548
120 591
120 657
120 669
120 674
120 695
120 704
120 720
121 123
121 169
121 170
121 220
121 293
121 311
121 357
121 372
121 408
121 439
121 445
121 456
121 463
121 473
121 475
121 487
121 499
121 509
121 538
121 550
121 573
121 595
121 686
122 157
122 164
122 174
122 224
122 238
122 249
122 378
122 425
122 430
122 437
122 440
122 450
122 465
122 488
122 516
122 523
122 541
122 562
122 588
122 589
122 593
122 607
122 617
122 647
122 694
123 124
123 132
123 146
123 251
123 286
123 311
123 417
123 427
123 461
123 491
123 493
123 496
123 549
123 553
123 556
123 576
123 577
123 625
123 629
123 673
123 709
123 719
123 749
124 125
124 145
124 146
124 149
124 174
124 176
124 188
124 275
124 280
124 295
124 313
124 354
124 365
124 414
124 447
124 458
124 478
124 547
124 594
124 603
124 612
124 614
124 621
124 639
124 652
124 671
124 680
124 717
125 154
125 155
125 192
125 257
125 261
125 274
125 298
125 338
125 392
125 405
125 408
125 414
125 420
125 455
125 489
125 497
125 573
125 685
125 699
125 714
125 740
125 741
125 750
126 209
126 247
126 274
126 279
126 286
126 295
126 330
126 340
126 370
126 384
126 431
126 446
126 466
126 474
126 517
126 526
126 538
126 545
126 584
126 592
126 622
126 629
126 682
126 692
126 719
127 128
127 129
127 143
127 151
127 153
127 154
127 164
127 200
127 204
127 224
127 280
127 302
127 314
127 329
127 351
127 377
127 401
127 406
127 460
127 476
127 485
127 498
127 542
127 546
127 588
127 641
127 691
127 714
127 719
127 723
127 732
127 737
128 150
128 153
128 177
128 260
128 307
128 318
128 360
128 374
128 421
128 462
128 511
128 559
128 560
128 586
128 591
128 619
128 667
128 674
128 680
128 694
128 705
128 715
128 719
128 747
129 171
129 235
129 242
129 252
129 325
129 352
129 362
129 388
129 404
129 417
129 419
129 484
129 516
129 524
129 541
129 577
129 583
129 600
129 602
129 669
129 671
129 676
129 701
129 702
130 139
130 145
130 188
130 216
130 217
130 231
130 263
130 290
130 403
130 426
130 433
130 487
130 490
130 549
130 613
130 617
130 628
130 643
130 716
130 744
131 152
131 156
131 160
131 181
131 223
131 233
131 258
131 298
131 324
131 358
131 360
131 367
131 390
131 463
131 476
131 492
131 502
131 536
131 573
131 592
131 606
131 610
131 619
131 632
131 648
131 680
131 716
132 134
132 224
132 269
132 311
132 367
132 391
132 489
132 549
132 580
132 593
132 646
132 743
133 172
133 193
133 203
133 215
133 222
133 240
133 247
133 277
133 299
133 317
133 351
133 352
133 381
133 399
133 405
133 440
133 585
133 596
133 626
133 645
133 646
133 690
133 711
134 161
134 182
134 214
134 233
134 237
134 268
134 278
134 314
134 325
134 329
134 344
134 393
134 394
134 395
134 418
134 427
134 432
134 488
134 547
134 599
134 613
134 661
134 668
135 137
135 138
135 179
135 206
135 236
135 247
135 253
135 350
135 389
135 393
135 439
135 440
135 495
135 501
135 543
135 607
135 613
135 629
135 630
135 668
135 689
135 694
135 742
136 144
136 181
136 199
136 208
136 214
136 240
136 333
136 343
136 347
136 405
136 410
136 422
136 487
136 555
136 575
136 683
136 705
136 732
136 750
137 176
137 188
137 214
137 262
137 283
137 292
137 328
137 338
137 363
137 369
137 374
137 399
137 443
137 472
137 479
137 490
137 579
137 621
137 629
137 640
137 674
137 683
137 713
138 190
138 278
138 317
138 349
138 368
138 417
138 422
138 427
138 450
138 467
138 579
138 591
138 630
138 633
138 678
138 713
138 748
139 140
139 166
139 169
139 240
139 273
139 280
139 281
139 336
139 344
139 350
139 355
139 401
139 416
139 420
139 458
139 539
139 553
139 568
139 572
139 603
139 625
139 641
139 724
140 152
140 153
140 170
140 185
140 197
140 213
140 220
140 231
140 326
140 332
140 383
140 398
140 415
140 441
140 447
140 461
140 512
140 599
140 736
140 740
141 144
141 188
141 209
141 223
141 244
141 248
141 265
141 329
141 354
141 370
141 381
141 457
141 465
141 496
141 509
141 517
141 573
141 588
141 621
141 638
141 661
141 712
142 145
142 166
142 177
142 191
142 203
142 214
142 261
142 301
142 335
142 337
142 351
142 374
142 432
142 437
142 446
142 524
142 545
142 569
142 594
142 600
142 617
142 649
142 659
142 673
142 699
142 717
142 720
143 155
143 183
143 247
143 265
143 313
143 316
143 352
143 411
143 422
143 493
143 555
143 599
143 623
143 698
143 728
143 750
144 156
144 218
144 224
144 308
144 326
144 372
144 405
144 430
144 508
144 530
144 538
144 546
144 558
144 570
144 598
144 648
144 687
144 688
144 694
145 146
145 182
145 274
145 275
145 289
145 349
145 354
145 369
145 394
145 404
145 418
145 439
145 481
145 554
145 586
145 596
145 648
145 655
145 659
145 683
145 730
145 737
145 740
146 156
146 182
146 188
146 227
146 231
146 239
146 259
146 316
146 331
146 335
146 398
146 423
146 431
146 449
146 461
146 463
146 465
146 469
146 470
146 473
146 507
146 546
146 561
146 565
146 583
146 603
146 615
146 651
146 664
146 694
146 739
146 745
147 172
147 244
147 266
147 308
147 338
147 374
147 402
147 477
147 499
147 520
147 543
147 565
147 636
147 657
147 671
147 726
148 150
148 210
148 222
148 286
148 341
148 355
148 356
148 358
148 367
148 374
148 467
148 559
148 575
148 581
148 623
148 643
148 704
148 730
148 733
149 158
149 189
149 205
149 224
149 241
149 318
149 324
149 345
149 347
149 373
149 432
149 493
149 494
149 524
149 541
149 547
149 560
149 596
149 662
149 701
149 725
150 181
150 231
150 265
150 274
150 312
150 370
150 405
150 436
150 454
150 480
150 591
150 644
150 653
150 658
150 726
151 152
151 196
151 247
151 286
151 289
151 292
151 299
151 301
151 340
151 367
151 391
151 392
151 445
151 482
151 529
151 544
151 704
151 716
152 160
152 215
152 234
152 252
152 283
152 327
152 362
152 397
152 401
152 412
152 427
152 431
152 447
152 472
152 503
152 535
152 609
152 615
152 652
152 701
152 715
152 749
153 188
153 236
153 271
153 285
153 378
153 424
153 426
153 452
153 455
153 457
153 510
153 530
153 543
153 567
153 590
153 654
154 174
154 198
154 240
154 285
154 322
154 324
154 367
154 412
154 427
154 551
154 560
154 567
154 568
154 581
154 609
154 660
154 661
154 664
154 704
154 710
155 190
155 208
155 229
155 270
155 276
155 292
155 314
155 457
155 463
155 522
155 538
155 606
155 610
155 642
155 653
155 655
155 656
155 665
155 669
155 681
155 687
155 693
155 719
155 745
156 174
156 209
156 231
156 282
156 398
156 411
156 417
156 436
156 444
156 448
156 539
156 545
156 569
156 592
156 671
157 158
157 182
157 258
157 268
157 286
157 314
157 356
157 363
157 388
157 407
157 440
157 467
157 469
157 502
157 513
157 526
157 531
157 552
157 556
157 582
157 591
157 601
157 604
157 615
157 686
157 688
157 715
158 161
158 214
158 273
158 292
158 303
158 350
158 363
158 447
158 544
158 595
158 629
158 645
158 647
158 671
158 702
158 715
158 724
158 734
158 738
159 164
159 167
159 176
159 177
159 190
159 191
159 287
159 296
159 307
159 319
159 346
159 370
159 405
159 408
159 411
159 430
159 441
159 445
159 472
159 555
159 631
159 650
159 676
159 677
159 683
159 702
159 708
159 729
160 162
160 186
160 194
160 218
160 250
160 254
160 271
160 336
160 352
160 375
160 411
160 454
160 473
160 483
160 491
160 515
160 545
160 554
160 565
160 635
160 668
160 718
161 188
161 192
161 194
161 195
161 227
161 271
161 287
161 370
161 383
161 427
161 430
161 451
161 487
161 492
161 494
161 519
161 578
161 584
161 667
161 715
161 728
161 730
161 748
162 190
162 212
162 216
162 223
162 261
162 322
162 377
162 422
162 423
162 450
162 471
162 495
162 507
162 508
162 521
162 527
162 593
162 642
162 668
162 679
162 682
162 689
162 709
163 226
163 233
163 236
163 237
163 246
163 266
163 287
163 302
163 344
163 345
163 366
163 417
163 445
163 496
163 529
163 532
163 543
163 622
163 658
163 663
163 698
164 165
164 191
164 204
164 218
164 223
164 227
164 248
164 269
164 289
164 328
164 359
164 369
164 386
164 402
164 421
164 477
164 501
164 572
164 596
164 669
164 671
164 677
164 691
164 721
164 722
164 742
165 179
165 195
165 200
165 294
165 359
165 373
165 376
165 397
165 474
165 478
165 491
165 511
165 518
165 544
165 630
165 642
165 649
165 656
165 664
165 677
165 700
165 707
165 750
166 176
166 177
166 178
166 234
166 272
166 275
166 336
166 369
166 401
166 524
166 638
166 653
166 718
166 719
166 750
167 171
167 185
167 188
167 306
167 322
167 331
167 354
167 402
167 408
167 409
167 410
167 420
167 448
167 480
167 551
167 554
167 571
167 608
167 630
167 664
167 675
168 196
168 262
168 304
168 307
168 320
168 333
168 372
168 386
168 387
168 416
168 442
168 497
168 521
168 680
168 743
169 248
169 266
169 299
169 304
169 320
169 324
169 392
169 429
169 499
169 551
169 572
169 608
169 656
169 689
169 720
169 729
169 735
169 742
170 174
170 229
170 232
170 327
170 329
170 332
170 341
170 345
170 392
170 429
170 440
170 493
170 530
170 538
170 588
170 611
170 617
170 623
170 631
170 646
170 656
170 668
170 676
170 692
170 733
171 177
171 199
171 208
171 226
171 274
171 285
171 314
171 338
171 427
171 439
171 452
171 466
171 509
171 524
171 545
171 548
171 555
171 582
171 591
171 599
171 640
171 659
171 700
171 737
172 201
172 216
172 243
172 267
172 325
172 341
172 382
172 389
172 408
172 444
172 449
172 458
172 563
172 583
172 620
172 624
172 633
172 649
172 660
172 663
172 676
172 718
172 742
173 198
173 204
173 208
173 209
173 219
173 233
173 255
173 258
173 277
173 281
173 284
173 310
173 345
173 350
173 370
173 381
173 415
173 433
173 461
173 476
173 518
173 553
173 605
173 665
174 176
174 194
174 228
174 251
174 257
174 296
174 308
174 361
174 373
174 375
174 378
174 388
174 418
174 422
174 473
174 487
174 490
174 532
174 550
174 590
174 608
174 618
174 654
174 667
174 738
175 195
175 218
175 220
175 275
175 278
175 326
175 333
175 383
175 396
175 509
175 510
175 538
175 540
175 545
175 549
175 606
175 624
175 650
175 737
175 738
176 230
176 288
176 312
176 325
176 353
176 387
176 391
176 410
176 455
176 502
176 562
176 577
176 591
176 603
176 606
176 615
176 634
176 648
176 687
176 693
176 719
176 721
176 735
177 178
177 211
177 269
177 294
177 312
177 319
177 323
177 328
177 329
177 388
177 440
177 467
177 481
177 500
177 503
177 533
177 553
177 589
177 683
177 686
177 693
177 723
177 730
177 742
178 190
178 262
178 296
178 298
178 307
178 361
178 366
178 382
178 387
178 396
178 447
178 448
178 458
178 508
178 528
178 547
178 569
178 600
178 633
178 639
178 681
178 703
178 710
178 713
178 723
178 746
179 204
179 209
179 255
179 268
179 269
179 274
179 316
179 330
179 347
179 359
179 364
179 412
179 428
179 492
179 500
179 505
179 570
179 582
179 589
179 610
179 642
179 644
179 658
179 683
179 690
179 736
179 750
180 181
180 207
180 221
180 238
180 242
180 277
180 332
180 358
180 417
180 565
180 600
180 613
180 623
180 669
180 674
180 696
180 735
180 749
181 182
181 186
181 196
181 211
181 216
181 236
181 266
181 267
181 299
181 300
181 326
181 346
181 364
181 377
181 407
181 467
181 495
181 502
181 543
181 566
181 584
181 593
181 661
181 672
181 748
182 209
182 259
182 274
182 282
182 287
182 294
182 303
182 327
182 352
182 370
182 371
182 405
182 416
182 417
182 421
182 442
182 448
182 462
182 465
182 568
182 591
182 638
182 641
182 693
182 731
182 735
183 188
183 201
183 253
183 287
183 464
183 496
183 512
183 542
183 550
183 558
183 581
183 602
183 606
183 610
183 691
183 743
183 748
184 194
184 196
184 234
184 236
184 255
184 284
184 354
184 389
184 422
184 447
184 457
184 462
184 471
184 499
184 525
184 560
184 598
184 602
184 619
184 703
184 734
184 736
184 745
184 746
185 201
185 217
185 225
185 226
185 231
185 241
185 257
185 298
185 309
185 316
185 318
185 341
185 343
185 368
185 394
185 490
185 503
185 549
185 607
185 649
185 693
185 696
185 739
186 194
186 224
186 243
186 257
186 275
186 326
186 385
186 431
186 451
186 455
186 544
186 577
186 662
186 675
187 188
187 201
187 205
187 219
187 226
187 253
187 261
187 303
187 333
187 339
187 391
187 402
187 448
187 452
187 524
187 530
187 536
187 556
187 601
187 635
188 196
188 254
188 256
188 302
188 331
188 339
188 355
188 369
188 388
188 407
188 426
188 456
188 493
188 506
188 526
188 532
188 553
188 556
188 577
188 583
188 600
188 673
188 743
189 195
189 205
189 240
189 270
189 277
189 294
189 312
189 350
189 391
189 410
189 416
189 485
189 542
189 545
189 574
189 611
189 616
189 620
189 659
189 668
189 690
189 707
190 192
190 197
190 207
190 229
190 243
190 250
190 253
190 279
190 293
190 300
190 333
190 350
190 377
190 383
190 390
190 430
190 438
190 484
190 543
190 550
190 553
190 563
190 573
190 574
190 579
190 626
190 741
191 247
191 298
191 346
191 432
191 440
191 496
191 532
191 540
191 544
191 569
191 589
191 680
191 702
191 736
191 749
192 206
192 263
192 302
192 324
192 352
192 356
192 428
192 504
192 510
192 544
192 545
192 566
192 575
192 612
192 614
192 631
192 643
192 681
192 750
193 325
193 355
193 386
193 391
193 396
193 419
193 431
193 448
193 456
193 472
193 498
193 506
193 520
193 522
193 549
193 561
193 566
193 599
193 607
193 651
193 658
193 694
193 701
193 716
193 740
194 199
194 200
194 222
194 237
194 275
194 365
194 369
194 380
194 382
194 401
194 442
194 453
194 478
194 556
194 566
194 604
194 658
194 665
194 697
194 728
194 747
195 204
195 220
195 233
195 236
195 265
195 287
195 333
195 344
195 434
195 438
195 472
195 477
195 533
195 569
195 577
195 592
195 652
195 684
195 690
195 707
195 730
196 239
196 294
196 319
196 398
196 421
196 435
196 473
196 485
196 487
196 502
196 521
196 522
196 524
196 552
196 570
196 579
196 581
196 637
196 661
196 670
196 706
196 721
196 722
196 727
196 730
197 201
197 228
197 321
197 339
197 344
197 352
197 375
197 383
197 420
197 457
197 483
197 501
197 511
197 572
197 576
197 592
197 687
197 689
197 698
197 719
197 733
197 744
198 202
198 208
198 241
198 265
198 273
198 282
198 295
198 402
198 412
198 416
198 417
198 432
198 452
198 579
198 681
198 709
199 271
199 288
199 316
199 353
199 362
199 512
199 538
199 603
199 638
199 667
199 683
199 693
199 720
200 204
200 205
200 208
200 241
200 261
200 298
200 299
200 342
200 357
200 391
200 443
200 457
200 461
200 482
200 489
200 510
200 520
200 544
200 548
200 591
200 665
200 728
201 220
201 234
201 278
201 320
201 327
201 379
201 405
201 495
201 524
201 527
201 588
201 700
201 718
201 726
201 748
202 218
202 250
202 269
202 275
202 284
202 290
202 293
202 325
202 337
202 352
202 360
202 372
202 391
202 425
202 484
202 591
202 614
202 620
202 674
202 722
202 741
202 750
203 252
203 262
203 280
203 368
203 396
203 397
203 399
203 409
203 470
203 479
203 526
203 612
203 686
203 687
203 694
203 707
204 329
204 331
204 371
204 379
204 411
204 449
204 468
204 477
204 485
204 489
204 505
204 522
204 525
204 535
204 542
204 627
204 653
204 661
205 206
205 213
205 243
205 256
205 285
205 297
205 319
205 324
205 372
205 421
205 427
205 449
205 521
205 570
205 633
205 712
205 721
205 722
206 212
206 235
206 262
206 266
206 310
206 317
206 339
206 358
206 367
206 438
206 452
206 463
206 469
206 475
206 483
206 487
206 572
206 585
206 625
206 630
206 664
206 679
206 688
207 223
207 242
207 253
207 292
207 333
207 335
207 362
207 432
207 440
207 453
207 454
207 460
207 494
207 536
207 555
207 561
207 569
207 609
207 631
207 733
208 231
208 278
208 339
208 349
208 357
208 411
208 574
208 580
208 616
208 644
208 660
208 682
208 697
208 717
209 234
209 246
209 250
209 274
209 280
209 285
209 289
209 342
209 373
209 384
209 385
209 392
209 454
209 479
209 482
209 526
209 550
209 553
209 566
209 580
209 636
209 661
209 685
209 695
209 710
209 711
209 727
209 738
209 743
210 233
210 329
210 347
210 393
210 481
210 483
210 600
210 617
210 619
210 668
210 686
210 693
210 716
210 750
211 216
211 218
211 242
211 252
211 255
211 279
211 310
211 332
211 345
211 351
211 352
211 361
211 369
211 393
211 402
211 407
211 443
211 496
211 515
211 516
211 526
211 568
211 604
211 701
211 739
212 218
212 221
212 254
212 257
212 302
212 305
212 323
212 325
212 382
212 411
212 416
212 420
212 443
212 466
212 525
212 659
212 677
212 693
212 709
213 241
213 244
213 253
213 286
213 297
213 347
213 367
213 387
213 450
213 454
213 463
213 467
213 533
213 563
213 573
213 585
213 599
213 615
213 654
213 671
213 675
213 697
213 732
213 747
214 220
214 246
214 284
214 298
214 303
214 366
214 400
214 416
214 481
214 513
214 521
214 522
214 542
214 549
214 552
214 621
214 644
214 676
214 685
214 689
214 691
215 282
215 375
215 376
215 404
215 419
215 435
215 467
215 475
215 494
215 627
215 670
215 677
215 692
215 695
215 710
215 735
216 243
216 303
216 307
216 356
216 426
216 452
216 493
216 517
216 559
216 621
216 628
216 668
216 673
216 677
216 679
216 681
216 698
216 731
216 734
216 744
217 219
217 373
217 389
217 456
217 497
217 518
217 519
217 576
217 630
217 649
217 655
217 702
217 739
218 229
218 237
218 242
218 256
218 263
218 271
218 282
218 306
218 338
218 363
218 402
218 409
218 410
218 418
218 422
218 476
218 496
218 526
218 624
218 625
218 681
218 689
218 716
219 222
219 229
219 247
219 251
219 276
219 306
219 349
219 381
219 460
219 469
219 510
219 534
219 542
219 545
219 583
219 659
219 669
219 688
220 221
220 243
220 276
220 283
220 302
220 390
220 399
220 476
220 513
220 549
220 583
220 588
220 589
220 601
220 668
220 724
221 255
221 257
221 312
221 313
221 368
221 374
221 414
221 424
221 425
221 444
221 449
221 464
221 500
221 556
221 571
221 594
221 682
221 699
221 726
221 740
222 267
222 273
222 282
222 286
222 318
222 324
222 367
222 372
222 426
222 615
222 659
222 692
222 698
222 721
222 750
223 259
223 299
223 328
223 344
223 366
223 380
223 401
223 450
223 453
223 458
223 495
223 594
223 612
223 624
223 678
223 698
223 735
224 226
224 258
224 284
224 291
224 322
224 326
224 341
224 408
224 426
224 540
224 675
225 233
225 237
225 242
225 297
225 309
225 348
225 399
225 401
225 440
225 492
225 503
225 505
225 564
225 597
225 636
225 669
225 682
225 721
225 723
226 266
226 267
226 268
226 272
226 278
226 308
226 311
226 371
226 374
226 378
226 381
226 400
226 424
226 447
226 463
226 469
226 478
226 482
226 497
226 512
226 522
226 524
226 536
226 582
226 591
226 669
226 676
226 679
226 682
226 723
227 256
227 328
227 334
227 340
227 349
227 351
227 353
227 359
227 411
227 476
227 502
227 521
227 524
227 568
227 584
227 635
227 639
227 640
227 642
227 681
227 695
227 750
228 232
228 250
228 258
228 305
228 315
228 317
228 385
228 428
228 450
228 473
228 496
228 530
228 547
228 576
228 629
228 646
228 731
229 235
229 246
229 392
229 408
229 447
229 461
229 515
229 621
229 635
229 678
229 685
229 712
229 722
230 233
230 235
230 238
230 244
230 259
230 316
230 377
230 425
230 437
230 441
230 447
230 454
230 495
230 516
230 550
230 676
230 698
230 729
231 241
231 249
231 260
231 266
231 283
231 298
231 341
231 357
231 368
231 373
231 407
231 417
231 428
231 463
231 469
231 488
231 516
231 557
231 611
231 689
231 694
232 285
232 339
232 399
232 406
232 418
232 425
232 427
232 544
232 547
232 574
232 602
232 611
232 638
232 653
232 683
232 697
232 719
232 720
232 729
233 235
233 256
233 352
233 354
233 419
233 436
233 440
233 446
233 453
233 454
233 467
233 524
233 601
233 619
233 674
233 684
233 686
234 282
234 290
234 313
234 319
234 322
234 361
234 402
234 436
234 438
234 493
234 499
234 523
234 537
234 614
234 634
234 640
234 645
234 650
234 676
234 721
234 740
235 266
235 267
235 281
235 304
235 305
235 318
235 392
235 393
235 418
235 480
235 574
235 590
235 598
235 610
235 637
235 683
235 694
236 239
236 265
236 271
236 274
236 275
236 284
236 295
236 382
236 425
236 502
236 532
236 562
236 571
236 635
236 720
237 238
237 288
237 297
237 315
237 322
237 329
237 332
237 349
237 353
237 371
237 393
237 418
237 439
237 449
237 453
237 484
237 563
237 582
237 647
237 670
238 263
238 267
238 308
238 379
238 416
238 454
238 594
238 598
238 610
238 620
238 648
238 709
238 729
238 745
239 250
239 285
239 318
239 334
239 347
239 363
239 376
239 405
239 415
239 452
239 643
239 646
239 669
239 706
239 725
239 726
240 241
240 274
240 312
240 328
240 332
240 342
240 348
240 376
240 378
240 391
240 398
240 399
240 404
240 428
240 462
240 466
240 478
240 500
240 570
240 572
240 587
240 661
240 665
240 674
240 675
240 693
240 735
241 357
241 370
241 374
241 448
241 467
241 481
241 498
241 713
242 243
242 261
242 407
242 418
242 433
242 551
242 552
242 572
242 588
242 628
242 636
242 650
242 682
242 713
242 725
242 744
243 325
243 332
243 360
243 366
243 375
243 387
243 406
243 622
243 646
243 666
243 734
244 246
244 268
244 286
244 287
244 334
244 342
244 343
244 361
244 420
244 424
244 431
244 436
244 442
244 476
244 481
244 519
244 538
244 576
244 681
244 704
245 249
245 260
245 327
245 329
245 359
245 367
245 397
245 415
245 419
245 436
245 457
245 464
245 510
245 525
245 550
245 691
245 704
245 731
245 749
246 255
246 277
246 300
246 352
246 386
246 399
246 416
246 425
246 456
246 468
246 490
246 500
246 504
246 553
246 590
246 596
246 599
246 603
246 642
246 662
246 682
247 248
247 249
247 258
247 289
247 347
247 359
247 427
247 468
247 471
247 495
247 508
247 577
247 583
247 605
247 607
247 620
247 659
247 691
247 722
247 732
247 734
248 255
248 263
248 304
248 310
248 331
248 341
248 374
248 400
248 402
248 432
248 450
248 465
248 467
248 572
248 624
248 669
248 681
249 264
249 273
249 276
249 287
249 289
249 383
249 428
249 444
249 556
249 571
249 583
249 589
249 617
249 618
249 685
249 742
249 746
250 251
250 291
250 361
250 409
250 455
250 487
250 522
250 540
250 562
250 565
250 603
250 627
250 628
250 633
250 644
250 648
250 661
250 673
250 681
250 698
250 709
250 716
250 719
250 724
250 728
250 737
250 747
251 338
251 347
251 419
251 420
251 501
251 522
251 535
251 570
251 575
251 593
251 613
251 644
251 650
251 671
251 707
251 726
252 269
252 279
252 353
252 393
252 421
252 444
252 471
252 494
252 531
252 558
252 562
252 585
252 590
252 597
252 603
252 615
252 679
252 708
252 717
252 728
252 742
253 255
253 273
253 399
253 417
253 496
253 497
253 554
253 572
253 576
253 577
253 624
253 652
253 654
253 689
253 711
253 717
254 256
254 319
254 354
254 370
254 377
254 411
254 413
254 435
254 450
254 462
254 470
254 489
254 507
254 511
254 518
254 566
254 585
254 589
254 602
254 648
254 650
254 683
254 739
255 330
255 373
255 387
255 439
255 449
255 517
255 577
255 588
255 617
255 670
255 708
255 716
255 730
255 731
256 266
256 336
256 347
256 353
256 373
256 412
256 415
256 417
256 439
256 608
256 623
256 649
257 264
257 292
257 300
257 306
257 410
257 431
257 434
257 457
257 459
257 462
257 562
257 600
257 633
257 652
257 657
257 708
257 714
258 281
258 283
258 297
258 329
258 339
258 349
258 369
258 390
258 410
258 424
258 428
258 443
258 453
258 463
258 485
258 489
258 496
258 512
258 534
258 558
258 561
258 595
258 614
258 642
258 655
258 671
258 683
259 318
259 336
259 337
259 387
259 432
259 450
259 518
259 555
259 698
259 699
259 710
259 744
260 268
260 280
260 312
260 340
260 373
260 403
260 431
260 436
260 463
260 507
260 556
260 557
260 587
260 606
260 608
260 644
261 289
261 291
261 311
261 358
261 436
261 465
261 495
261 517
261 526
261 545
261 559
261 585
261 600
261 613
261 633
261 667
261 726
262 285
262 295
262 321
262 345
262 350
262 366
262 386
262 387
262 395
262 411
262 423
262 457
262 464
262 465
262 473
262 483
262 512
262 549
262 557
262 591
262 595
262 604
262 624
262 647
262 652
262 701
263 283
263 370
263 410
263 497
263 527
263 574
263 589
263 599
263 607
263 644
263 660
263 661
263 670
263 675
263 693
263 701
263 703
263 729
263 730
263 735
263 739
263 744
263 750
264 313
264 345
264 353
264 540
264 565
264 578
264 632
264 654
264 701
264 722
265 269
265 276
265 277
265 282
265 287
265 311
265 366
265 397
265 436
265 460
265 486
265 490
265 492
265 508
265 522
265 538
265 562
265 629
265 688
265 723
265 748
266 268
266 299
266 360
266 371
266 375
266 435
266 559
266 619
266 659
266 719
266 726
267 281
267 282
267 305
267 317
267 326
267 359
267 378
267 463
267 487
267 544
267 553
267 571
267 599
267 638
267 663
267 749
268 295
268 321
268 338
268 360
268 452
268 474
268 478
268 518
268 537
268 548
268 560
268 565
268 585
268 592
268 618
268 642
268 652
268 729
269 272
269 295
269 307
269 330
269 346
269 373
269 382
269 394
269 459
269 532
269 557
269 558
269 569
269 578
269 594
269 600
269 623
269 675
269 717
269 722
270 327
270 359
270 385
270 439
270 441
270 461
270 477
270 527
270 532
270 546
270 552
270 554
270 582
270 596
270 630
270 678
270 682
270 706
270 718
271 280
271 288
271 318
271 393
271 396
271 406
271 460
271 479
271 529
271 543
271 687
271 743
272 324
272 332
272 403
272 437
272 465
272 493
272 494
272 503
272 504
272 572
272 636
272 640
272 645
272 653
272 681
272 692
272 700
272 717
272 724
272 728
272 747
273 294
273 354
273 393
273 501
273 507
273 526
273 552
273 617
273 639
273 668
273 670
273 674
273 709
274 275
274 397
274 423
274 443
274 465
274 492
274 512
274 534
274 568
274 593
274 618
274 619
274 620
274 643
274 675
274 748
275 276
275 294
275 314
275 317
275 320
275 342
275 355
275 391
275 401
275 428
275 446
275 466
275 489
275 523
275 532
275 605
275 666
275 677
275 684
276 277
276 283
276 310
276 331
276 354
276 355
276 377
276 393
276 430
276 440
276 510
276 550
276 561
276 626
276 635
276 647
276 704
276 710
276 722
276 727
276 728
277 301
277 334
277 340
277 401
277 412
277 438
277 459
277 484
277 494
277 521
277 540
277 548
277 582
277 586
277 589
277 616
277 618
277 633
277 640
277 660
277 663
277 713
277 715
278 306
278 311
278 323
278 335
278 364
278 378
278 425
278 456
278 500
278 506
278 570
278 573
278 591
278 640
278 667
278 703
279 283
279 287
279 343
279 423
279 438
279 466
279 477
279 478
279 492
279 499
279 603
279 615
279 648
279 711
279 742
280 283
280 285
280 370
280 376
280 404
280 455
280 487
280 522
280 602
280 609
280 614
280 617
280 630
280 652
280 655
280 688
280 704
280 713
280 718
280 746
281 302
281 345
281 359
281 376
281 383
281 443
281 537
281 567
281 572
281 612
281 614
281 615
281 632
281 648
281 693
281 699
282 294
282 301
282 346
282 360
282 407
282 413
282 415
282 453
282 483
282 516
282 569
282 595
282 619
282 637
282 653
283 293
283 315
283 331
283 369
283 385
283 436
283 526
283 556
283 561
283 612
283 674
283 703
284 285
284 291
284 320
284 378
284 385
284 389
284 393
284 404
284 500
284 511
284 563
284 565
284 573
284 594
284 652
284 678
284 707
284 727
285 329
285 356
285 366
285 443
285 486
285 558
285 587
285 588
285 590
285 670
286 288
286 290
286 326
286 363
286 364
286 418
286 436
286 438
286 443
286 498
286 517
286 554
286 569
286 571
286 584
286 620
286 634
286 651
286 675
286 705
286 747
287 306
287 314
287 480
287 526
287 529
287 536
287 556
287 567
287 597
287 616
287 625
287 701
287 743
288 340
288 374
288 495
288 508
288 566
288 590
288 607
288 612
288 661
288 663
289 292
289 311
289 330
289 338
289 347
289 501
289 519
289 526
289 534
289 549
289 612
289 628
289 649
289 665
289 670
289 679
290 292
290 294
290 315
290 316
290 344
290 366
290 385
290 403
290 406
290 415
290 446
290 465
290 496
290 543
290 613
290 640
290 643
290 670
290 671
290 689
290 743
290 750
291 318
291 328
291 344
291 394
291 431
291 469
291 518
291 522
291 538
291 543
291 571
291 572
291 585
291 615
291 623
291 635
291 636
292 294
292 299
292 324
292 454
292 461
292 498
292 519
292 521
292 584
292 606
292 618
292 628
292 642
292 664
292 675
292 682
292 722
292 726
293 296
293 333
293 345
293 353
293 412
293 453
293 459
293 461
293 478
293 492
293 505
293 506
293 562
293 582
293 589
293 610
293 614
293 628
293 630
293 634
293 651
293 656
293 683
293 721
293 734
293 736
293 740
294 320
294 334
294 360
294 382
294 389
294 394
294 427
294 436
294 457
294 514
294 540
294 581
294 653
294 654
294 697
295 307
295 357
295 368
295 390
295 400
295 527
295 560
295 564
295 588
295 598
295 619
295 621
295 632
295 648
295 682
295 700
295 726
296 379
296 405
296 406
296 455
296 515
296 542
296 549
296 607
296 610
296 671
296 679
296 682
296 687
296 707
296 714
297 300
297 313
297 330
297 345
297 350
297 361
297 486
297 500
297 539
297 610
297 626
297 630
297 662
297 674
297 683
297 684
297 689
297 714
297 726
297 732
297 733
297 734
298 437
298 444
298 452
298 467
298 530
298 560
298 562
298 584
298 655
298 677
298 719
298 725
299 317
299 321
299 343
299 373
299 423
299 467
299 514
299 523
299 539
299 541
299 565
299 643
299 644
299 694
299 750
300 309
300 312
300 365
300 379
300 399
300 415
300 422
300 435
300 446
300 448
300 459
300 472
300 485
300 505
300 506
300 559
300 563
300 566
300 670
300 671
300 697
301 303
301 335
301 359
301 363
301 385
301 398
301 411
301 416
301 417
301 449
301 455
301 532
301 604
301 606
301 643
301 651
301 684
301 704
301 742
302 313
302 359
302 364
302 400
302 414
302 463
302 468
302 485
302 545
302 603
302 618
302 624
302 657
302 686
302 731
302 735
303 325
303 331
303 369
303 384
303 387
303 397
303 413
303 422
303 425
303 426
303 454
303 559
303 596
303 621
303 624
303 636
303 644
303 672
304 305
304 346
304 351
304 378
304 412
304 452
304 506
304 518
304 520
304 594
304 611
304 668
304 698
305 326
305 357
305 396
305 477
305 480
305 528
305 531
305 557
305 574
305 585
305 604
305 642
306 309
306 326
306 438
306 486
306 490
306 498
306 576
306 613
306 673
306 680
306 688
306 692
306 696
306 732
306 738
307 315
307 329
307 348
307 394
307 462
307 526
307 579
307 588
307 608
307 610
307 621
307 689
307 703
307 707
307 719
307 734
307 735
307 750
308 319
308 368
308 374
308 377
308 393
308 475
308 501
308 684
308 736
309 311
309 405
309 428
309 431
309 476
309 479
309 537
309 552
309 553
309 557
309 591
309 608
309 713
309 737
309 749
310 350
310 381
310 384
310 388
310 420
310 447
310 448
310 463
310 477
310 497
310 515
310 527
310 569
310 594
310 639
310 654
310 689
311 439
311 443
311 489
311 491
311 542
311 589
311 618
311 648
311 661
311 674
311 686
311 708
312 313
312 321
312 406
312 434
312 465
312 470
312 545
312 560
312 581
312 585
312 615
312 662
312 675
312 694
313 373
313 381
313 402
313 466
313 514
313 529
313 544
313 551
313 570
313 592
313 598
313 621
313 642
313 719
313 747
314 335
314 338
314 406
314 414
314 446
314 462
314 466
314 476
314 485
314 499
314 513
314 524
314 536
314 581
314 591
314 673
314 697
314 740
314 748
315 318
315 349
315 407
315 431
315 467
315 496
315 584
315 595
315 644
315 720
315 724
315 749
316 317
316 322
316 368
316 377
316 383
316 397
316 413
316 478
316 491
316 492
316 623
316 681
316 686
316 733
316 736
316 742
317 328
317 335
317 349
317 372
317 378
317 393
317 450
317 454
317 458
317 480
317 485
317 584
317 605
317 642
317 653
317 671
317 696
317 715
317 718
318 351
318 357
318 379
318 460
318 473
318 499
318 554
318 657
318 672
318 718
318 725
318 736
318 737
318 742
319 325
319 339
319 347
319 366
319 397
319 403
319 475
319 507
319 512
319 624
319 641
319 679
319 708
320 324
320 347
320 357
320 359
320 517
320 541
320 562
320 597
320 637
320 646
320 714
320 729
320 748
321 356
321 368
321 396
321 400
321 410
321 451
321 458
321 464
321 492
321 512
321 513
321 562
321 616
321 638
321 705
321 747
322 429
322 441
322 465
322 554
322 555
322 575
322 587
322 589
322 609
322 663
323 325
323 406
323 425
323 507
323 510
323 512
323 517
323 523
323 558
323 575
323 586
323 617
323 652
323 730
324 333
324 336
324 389
324 416
324 420
324 424
324 440
324 509
324 513
324 522
324 583
324 589
324 630
324 666
324 706
325 326
325 351
325 387
325 389
325 394
325 406
325 408
325 457
325 524
325 543
325 596
325 627
325 648
325 680
325 741
326 356
326 405
326 412
326 425
326 460
326 463
326 615
326 676
326 695
326 737
327 348
327 368
327 390
327 431
327 473
327 488
327 494
327 504
327 539
327 559
327 563
327 566
327 572
327 613
327 642
327 656
327 671
327 694
327 702
327 729
327 741
328 329
328 331
328 343
328 424
328 437
328 486
328 643
328 692
328 717
328 724
328 738
329 367
329 410
329 425
329 426
329 433
329 444
329 460
329 495
329 533
329 549
329 566
329 598
329 622
329 630
329 641
329 709
329 729
330 331
330 468
330 528
330 573
330 623
330 696
330 703
330 716
331 355
331 367
331 395
331 439
331 440
331 537
331 539
331 592
331 698
331 703
331 747
332 350
332 363
332 447
332 450
332 489
332 612
332 643
332 649
332 711
333 335
333 337
333 342
333 361
333 403
333 419
333 421
333 446
333 508
333 527
333 538
333 551
333 576
333 610
333 712
333 719
333 742
334 345
334 349
334 370
334 382
334 387
334 397
334 421
334 451
334 474
334 518
334 566
334 567
334 603
334 606
334 662
334 668
334 673
334 686
334 687
335 337
335 350
335 370
335 378
335 385
335 403
335 431
335 470
335 514
335 520
335 589
335 639
335 658
335 695
335 700
335 743
336 439
336 448
336 449
336 463
336 478
336 532
336 555
336 611
336 616
336 618
336 659
336 661
336 668
336 737
337 385
337 414
337 476
337 487
337 607
337 629
337 672
337 699
337 709
337 730
337 737
337 749
338 355
338 357
338 385
338 412
338 413
338 449
338 455
338 497
338 521
338 522
338 578
338 611
338 740
338 750
339 341
339 354
339 357
339 401
339 410
339 442
339 449
339 463
339 467
339 475
339 484
339 496
339 533
339 548
339 559
339 575
339 597
339 602
339 605
339 619
339 630
339 671
339 674
339 688
339 694
339 708
339 710
339 750
340 351
340 371
340 378
340 383
340 416
340 469
340 525
340 551
340 572
340 609
340 739
341 358
341 370
341 372
341 386
341 419
341 463
341 475
341 480
341 504
341 517
341 654
341 682
341 683
342 357
342 367
342 392
342 397
342 399
342 470
342 475
342 534
342 556
342 573
342 605
342 660
342 674
342 700
342 730
342 734
343 415
343 416
343 430
343 452
343 471
343 498
343 521
343 523
343 560
343 590
343 592
343 631
343 632
343 664
343 706
343 711
343 717
343 723
344 370
344 380
344 389
344 391
344 433
344 509
344 537
344 593
344 607
344 608
344 621
344 636
344 678
344 684
344 741
345 346
345 370
345 419
345 430
345 459
345 495
345 511
345 527
345 550
345 581
345 610
345 629
345 632
345 635
345 672
345 710
345 729
345 734
346 396
346 397
346 404
346 438
346 446
346 515
346 541
346 544
346 566
346 585
346 608
346 621
346 731
346 748
347 370
347 413
347 436
347 479
347 485
347 494
347 503
347 532
347 540
347 601
347 605
347 637
347 680
347 682
347 700
347 726
347 743
348 350
348 351
348 357
348 391
348 433
348 438
348 440
348 457
348 470
348 512
348 546
348 570
348 571
348 578
348 586
348 596
348 601
348 602
348 607
348 627
348 649
348 738
349 365
349 367
349 390
349 401
349 417
349 437
349 450
349 457
349 482
349 559
349 579
349 605
349 627
349 636
349 723
349 739
349 745
350 374
350 382
350 386
350 435
350 453
350 473
350 474
350 508
350 532
350 545
350 553
350 556
350 558
350 561
350 585
350 593
350 609
351 353
351 354
351 374
351 378
351 397
351 422
351 425
351 446
351 457
351 498
351 538
351 652
351 672
351 675
351 738
352 416
352 434
352 458
352 477
352 549
352 581
352 597
352 619
352 640
352 643
352 649
352 736
353 356
353 386
353 403
353 430
353 459
353 483
353 540
353 561
353 567
353 637
353 648
353 650
353 673
353 711
353 746
353 749
354 355
354 415
354 421
354 422
354 456
354 481
354 483
354 581
354 619
354 623
354 629
354 715
354 741
355 419
355 437
355 438
355 465
355 510
355 517
355 553
355 554
355 601
355 619
355 632
355 639
355 644
355 715
355 729
355 747
355 748
356 427
356 431
356 453
356 467
356 515
356 557
356 561
356 570
356 615
356 627
356 642
356 647
356 648
356 653
356 696
356 718
356 723
356 735
356 748
357 359
357 373
357 376
357 390
357 398
357 399
357 412
357 458
357 481
357 485
357 498
357 506
357 509
357 550
357 577
357 584
357 617
357 645
357 650
357 665
357 678
357 689
357 718
358 432
358 454
358 494
358 498
358 503
358 505
358 512
358 554
358 566
358 584
358 592
358 622
358 631
358 645
358 674
359 385
359 390
359 420
359 467
359 477
359 505
359 580
359 604
359 611
359 652
359 659
359 661
359 694
359 718
359 734
359 745
360 382
360 399
360 450
360 522
360 568
360 602
360 633
360 670
360 689
360 706
360 721
360 722
361 362
361 391
361 421
361 439
361 445
361 453
361 513
361 514
361 515
361 531
361 535
361 567
361 599
361 625
361 698
362 364
362 371
362 383
362 401
362 446
362 510
362 528
362 580
362 613
362 640
362 692
363 462
363 469
363 477
363 523
363 547
363 577
363 626
364 368
364 399
364 416
364 437
364 512
364 559
364 568
364 621
365 432
365 443
365 472
365 499
365 529
365 544
365 610
365 628
365 666
365 676
365 698
365 730
365 746
366 424
366 433
366 450
366 451
366 527
366 565
366 615
366 617
366 632
366 633
366 634
366 664
366 672
366 673
366 683
366 687
366 748
367 375
367 396
367 411
367 420
367 466
367 497
367 512
367 539
367 540
367 596
367 639
367 646
367 648
367 658
367 703
367 717
368 372
368 391
368 407
368 408
368 436
368 439
368 526
368 530
368 551
368 591
368 616
368 639
368 679
368 692
368 705
368 708
368 710
368 720
368 726
368 743
369 370
369 372
369 378
369 416
369 426
369 489
369 517
369 518
369 537
369 555
369 603
369 635
369 649
369 657
369 667
369 682
369 723
370 427
370 495
370 501
370 541
370 596
370 609
370 614
370 720
371 451
371 453
371 476
371 486
371 494
371 502
371 507
371 521
371 534
371 591
371 592
371 596
371 618
371 624
371 626
371 678
371 680
371 711
371 728
372 376
372 413
372 416
372 534
372 564
372 588
372 594
372 615
372 660
372 664
372 687
372 707
372 718
372 746
373 374
373 404
373 504
373 547
373 551
373 614
373 616
373 628
373 632
374 376
374 378
374 400
374 412
374 424
374 435
374 462
374 475
374 476
374 484
374 487
374 502
374 511
374 558
374 563
374 593
374 654
374 709
375 377
375 388
375 394
375 418
375 452
375 497
375 513
375 575
375 595
375 596
375 603
375 616
375 672
376 377
376 387
376 452
376 470
376 504
376 513
376 520
376 532
376 541
376 552
376 566
376 586
376 642
376 677
376 698
376 704
376 732
377 397
377 401
377 426
377 432
377 446
377 450
377 473
377 508
377 526
377 582
377 608
377 614
377 616
377 620
377 695
377 723
378 426
378 460
378 466
378 467
378 468
378 499
378 522
378 554
378 559
378 574
378 579
378 601
378 632
378 665
378 671
378 696
378 697
378 704
378 731
378 734
379 407
379 501
379 504
379 509
379 556
379 588
379 683
379 684
379 689
379 695
379 698
379 709
380 432
380 434
380 466
380 490
380 517
380 617
380 622
380 646
381 382
381 407
381 430
381 437
381 455
381 497
381 538
381 552
381 558
381 571
381 579
381 581
381 584
381 602
381 671
381 714
382 439
382 461
382 526
382 530
382 532
382 556
382 578
382 644
382 660
382 715
382 732
382 740
382 745
383 384
383 387
383 452
383 459
383 472
383 509
383 521
383 523
383 550
383 564
383 565
383 574
383 581
383 592
383 640
383 665
383 672
383 689
383 695
383 737
383 741
384 393
384 477
384 552
384 633
384 645
384 657
384 678
384 730
385 394
385 453
385 463
385 474
385 525
385 528
385 536
385 561
385 568
385 572
385 601
385 625
385 638
385 647
385 652
385 685
385 690
385 705
385 729
385 730
385 731
386 404
386 429
386 443
386 513
386 544
386 547
386 549
386 552
386 567
386 584
386 618
386 663
386 666
386 673
386 688
387 427
387 494
387 525
387 559
387 561
387 565
387 577
387 643
387 673
387 683
387 687
387 706
387 724
388 403
388 453
388 547
388 555
388 560
388 566
388 577
388 578
388 600
388 655
388 696
388 697
388 716
388 724
388 725
389 400
389 463
389 501
389 502
389 512
389 522
389 531
389 554
389 611
389 639
389 651
389 655
389 700
389 704
389 739
389 742
389 750
390 422
390 428
390 461
390 501
390 539
390 562
390 578
390 599
390 609
390 615
390 666
390 675
390 707
390 722
391 399
391 428
391 505
391 514
391 548
391 589
391 640
391 650
391 725
391 748
392 395
392 435
392 466
392 701
393 407
393 409
393 421
393 491
393 494
393 550
393 573
393 575
393 580
393 599
393 625
393 639
393 664
393 700
393 740
394 409
394 417
394 472
394 476
394 488
394 510
394 522
394 611
394 625
394 653
394 698
394 727
394 728
394 744
394 748
394 750
395 423
395 451
395 468
395 490
395 583
395 597
395 601
395 639
395 652
395 666
395 675
395 704
396 399
396 403
396 424
396 444
396 458
396 485
396 501
396 563
396 641
396 650
396 656
396 666
396 695
396 736
396 741
397 400
397 418
397 492
397 557
397 586
397 593
397 646
397 659
397 669
397 697
397 700
397 705
398 401
398 453
398 483
398 500
398 531
398 554
398 572
398 573
398 588
398 622
398 657
398 708
399 408
399 440
399 442
399 483
399 512
399 579
399 673
399 722
399 750
400 405
400 414
400 463
400 485
400 491
400 498
400 513
400 518
400 570
400 579
400 583
400 623
400 643
400 723
400 726
401 443
401 488
401 499
401 512
401 513
401 537
401 553
401 558
401 563
401 614
401 630
401 689
401 737
401 743
401 748
402 477
402 515
402 520
402 539
402 625
402 694
403 424
403 425
403 459
403 483
403 484
403 531
403 574
403 576
403 579
403 612
403 653
403 660
403 664
403 670
403 692
403 728
404 406
404 419
404 428
404 448
404 463
404 472
404 483
404 532
404 564
404 586
404 592
404 598
404 655
404 660
404 678
404 690
405 414
405 442
405 447
405 478
405 490
405 496
405 519
405 520
405 568
405 571
405 639
405 641
405 691
405 737
405 741
405 745
406 407
406 428
406 430
406 465
406 550
406 557
406 573
406 574
406 579
406 584
406 586
406 609
406 624
406 639
406 660
406 671
406 704
406 722
406 738
407 431
407 561
407 587
407 640
407 686
407 691
407 692
407 736
408 410
408 412
408 446
408 468
408 474
408 524
408 597
408 637
408 646
408 666
408 705
408 719
409 429
409 438
409 486
409 527
409 545
409 562
409 577
409 592
409 603
409 644
409 674
409 677
409 680
409 698
409 703
409 704
409 721
409 747
410 424
410 453
410 510
410 524
410 530
410 564
410 619
410 668
410 691
410 714
410 722
410 726
410 742
411 462
411 479
411 499
411 571
411 592
411 596
411 647
411 715
412 462
412 477
412 484
412 502
412 504
412 516
412 539
412 546
412 557
412 614
412 618
412 676
412 726
412 733
413 414
413 417
413 497
413 588
413 596
413 601
413 615
413 616
413 635
413 636
413 638
413 681
413 702
413 711
414 456
414 494
414 500
414 502
414 505
414 551
414 559
414 563
414 608
414 645
414 728
414 738
415 461
415 478
415 486
415 513
415 541
415 542
415 560
415 561
415 638
415 643
415 694
416 417
416 533
416 571
416 580
416 598
416 646
416 657
416 703
416 713
416 733
417 419
417 433
417 461
417 504
417 581
417 593
417 607
417 609
417 632
417 640
417 646
417 657
417 695
417 713
418 428
418 436
418 442
418 494
418 528
418 584
418 620
418 631
418 681
418 689
418 692
419 427
419 501
419 538
419 563
419 598
419 630
419 639
419 644
419 657
419 677
419 680
419 695
420 423
420 447
420 459
420 465
420 469
420 507
420 527
420 574
420 589
420 629
420 636
420 642
420 643
420 683
420 686
420 689
420 693
420 700
420 703
421 426
421 440
421 443
421 469
421 478
421 495
421 500
421 622
421 647
421 670
421 695
421 726
422 424
422 441
422 471
422 497
422 505
422 521
422 545
422 561
422 585
422 633
422 650
422 671
422 690
422 746
423 449
423 452
423 464
423 473
423 478
423 518
423 540
423 556
423 606
423 607
423 679
423 709
423 721
424 427
424 430
424 435
424 445
424 467
424 468
424 514
424 531
424 545
424 591
424 643
424 649
425 428
425 485
425 535
425 545
425 562
425 571
425 618
425 621
425 635
425 696
425 725
425 741
426 539
426 548
426 577
426 586
426 598
426 605
426 635
426 676
426 682
427 448
427 461
427 488
427 521
427 529
427 536
427 591
427 669
427 681
427 727
427 732
427 745
428 429
428 442
428 454
428 512
428 513
428 548
428 597
428 615
428 617
428 647
428 648
428 679
428 705
428 719
428 748
429 452
429 566
429 665
429 695
430 438
430 470
430 542
430 545
430 575
430 586
430 602
430 605
430 630
430 667
430 696
430 729
431 432
431 482
431 497
431 512
431 559
431 607
431 625
431 644
431 646
431 684
432 453
432 469
432 502
432 551
432 571
432 572
432 588
432 591
432 595
432 706
432 717
433 496
433 498
433 499
433 514
433 523
433 532
433 560
433 594
433 617
433 681
433 702
433 715
433 750
434 437
434 452
434 472
434 486
434 502
434 520
434 533
434 534
434 538
434 618
434 621
434 665
434 681
434 714
435 438
435 453
435 497
435 527
435 530
435 553
435 580
435 582
435 610
435 622
435 625
435 659
435 714
435 741
436 448
436 460
436 486
436 534
436 536
436 627
436 647
436 669
436 735
436 738
437 468
437 472
437 570
437 603
437 656
437 669
437 692
437 699
437 710
437 724
438 445
438 485
438 529
438 541
438 546
438 549
438 620
438 658
438 675
439 447
439 467
439 469
439 491
439 493
439 517
439 529
439 533
439 551
439 568
439 572
439 615
439 681
439 685
439 710
439 713
440 459
440 461
440 541
440 572
440 583
440 629
440 656
440 701
440 720
440 737
441 448
441 457
441 483
441 486
441 488
441 519
441 550
441 663
441 681
441 748
442 443
442 447
442 457
442 459
442 479
442 500
442 513
442 544
442 564
442 568
442 592
442 696
442 716
442 721
443 445
443 446
443 482
443 494
443 516
443 541
443 554
443 588
443 601
443 609
443 619
443 624
443 645
443 665
443 683
443 713
443 745
444 508
444 530
444 551
444 601
444 618
444 720
444 746
445 488
445 544
445 561
445 593
445 597
445 611
445 614
445 617
445 630
445 640
445 643
445 681
445 686
445 697
445 707
445 724
445 747
446 451
446 488
446 495
446 520
446 544
446 571
446 613
446 620
446 632
446 716
446 717
446 730
446 741
447 478
447 501
447 513
447 525
447 562
447 564
447 621
447 661
447 704
447 707
448 449
448 454
448 505
448 506
448 543
448 591
448 594
448 598
448 603
448 619
448 660
448 665
448 748
449 488
449 495
449 496
449 499
449 501
449 508
449 578
449 599
449 608
449 610
449 663
449 708
450 452
450 480
450 505
450 543
450 558
450 603
450 658
450 682
450 733
451 488
451 499
451 502
451 508
451 520
451 531
451 541
451 616
451 735
451 746
451 750
452 467
452 472
452 505
452 506
452 602
452 609
452 623
452 628
452 655
452 696
452 711
452 723
453 455
453 483
453 516
453 567
453 585
453 667
453 687
453 692
453 731
454 458
454 496
454 525
454 531
454 532
454 596
454 612
454 665
454 702
454 717
455 458
455 494
455 501
455 521
455 534
455 568
455 598
455 609
455 633
455 646
455 670
456 457
456 478
456 483
456 484
456 515
456 529
456 547
456 601
456 604
456 613
456 638
456 643
456 660
456 750
457 481
457 492
457 530
457 574
457 588
457 623
457 626
458 459
458 467
458 481
458 488
458 539
458 558
458 576
458 579
458 581
458 649
458 654
458 655
458 667
458 733
459 478
459 515
459 528
459 547
459 551
459 564
459 630
459 664
459 667
459 687
459 688
459 729
459 736
460 467
460 470
460 526
460 552
460 610
460 622
460 661
460 667
460 687
460 699
461 529
461 534
461 575
461 600
461 620
461 622
461 630
461 677
461 689
461 696
461 726
462 463
462 534
462 564
462 584
462 589
462 655
462 656
462 683
462 697
462 698
462 702
462 707
462 710
462 712
462 742
463 476
463 501
463 551
463 610
463 619
463 655
463 657
463 662
463 683
463 687
463 741
464 465
464 470
464 472
464 569
464 627
464 658
464 694
464 696
465 470
465 493
465 494
465 495
465 504
465 519
465 549
465 640
465 643
465 684
465 694
465 698
465 726
465 730
466 502
466 504
466 527
466 592
466 615
466 623
466 630
466 631
466 649
466 674
467 492
467 502
467 559
467 565
467 591
467 593
467 603
467 614
467 664
467 692
467 699
467 700
467 727
467 740
468 471
468 487
468 523
468 540
468 552
468 564
468 569
468 654
468 662
468 685
468 693
469 495
469 505
469 607
469 660
469 700
469 720
469 734
469 737
470 509
470 540
470 542
470 544
470 617
470 671
470 692
470 698
471 478
471 504
471 506
471 551
471 676
471 682
472 474
472 483
472 560
472 625
472 631
472 652
472 673
472 701
472 737
472 750
473 475
473 477
473 503
473 536
473 546
473 559
473 563
473 592
473 635
473 661
473 703
474 516
474 571
474 580
474 639
474 660
474 708
475 481
475 494
475 509
475 536
475 550
475 567
475 615
475 628
475 658
475 665
475 716
475 727
476 477
476 511
476 516
476 521
476 552
476 557
476 577
476 594
476 614
476 619
476 680
476 708
476 719
476 733
477 590
477 594
477 603
477 670
477 683
477 689
477 696
477 704
477 735
478 481
478 505
478 534
478 550
478 557
478 564
478 587
478 594
478 595
478 600
478 602
478 605
478 699
478 721
479 480
479 499
479 502
479 511
479 570
479 611
479 612
479 633
479 647
479 650
479 671
479 699
479 736
479 749
480 541
480 583
480 637
480 678
480 710
480 718
480 741
480 745
481 487
481 574
481 587
481 595
481 596
481 606
481 625
481 627
481 632
481 655
481 656
481 683
482 501
482 531
482 544
482 563
482 566
482 576
482 578
482 584
482 597
482 603
482 673
482 710
482 713
483 485
483 494
483 512
483 538
483 561
483 578
483 606
483 650
483 665
483 683
483 717
483 721
484 508
484 558
484 571
484 621
484 631
484 646
484 666
484 677
485 527
485 543
485 553
485 557
485 586
485 621
485 652
485 684
485 705
486 508
486 550
486 589
486 594
486 606
486 643
486 655
486 681
486 733
487 490
487 517
487 537
487 539
487 543
487 547
487 552
487 571
487 599
487 609
487 629
487 631
487 641
487 699
487 705
487 718
487 727
487 728
488 502
488 504
488 514
488 537
488 557
488 627
488 655
488 691
488 744
489 495
489 507
489 518
489 526
489 539
489 571
489 579
489 580
489 605
489 617
489 625
489 626
489 649
489 677
489 699
489 724
489 748
490 513
490 519
490 525
490 526
490 664
490 671
490 679
490 697
490 700
490 703
490 730
490 739
490 749
491 494
491 529
491 543
491 583
491 626
491 635
491 704
491 717
492 496
492 504
492 558
492 605
492 665
492 686
492 698
492 720
492 744
493 512
493 556
493 557
493 562
493 578
493 701
493 739
494 498
494 516
494 627
494 665
494 695
494 728
495 496
495 531
495 558
495 610
495 612
495 634
495 644
495 693
495 694
495 715
495 719
495 748
496 538
496 554
496 572
496 636
496 640
496 656
496 692
496 748
497 498
497 503
497 555
497 570
497 637
498 528
498 564
498 575
498 585
498 605
498 610
498 611
498 637
498 658
498 665
498 682
498 745
499 504
499 513
499 518
499 519
499 585
499 661
499 734
499 749
500 501
500 503
500 540
500 581
500 584
500 593
500 662
500 680
500 694
500 699
500 725
501 505
501 512
501 543
501 563
501 599
501 614
501 645
501 656
501 704
501 705
502 523
502 544
502 562
502 575
502 581
502 604
502 659
502 679
502 695
502 734
503 508
503 514
503 555
503 601
503 645
503 686
503 699
503 704
503 707
504 505
504 565
504 582
504 603
504 616
504 629
504 661
504 688
504 691
504 707
504 710
504 713
504 717
505 546
505 571
505 604
505 615
505 627
505 655
505 723
506 649
506 673
506 674
506 680
506 722
507 509
507 510
507 532
507 596
507 605
507 606
507 613
507 651
507 666
508 522
508 538
508 586
508 597
508 604
508 605
508 616
508 619
508 620
508 650
508 668
508 679
509 540
509 542
509 577
509 589
509 679
509 716
509 725
510 514
510 599
510 607
510 608
510 676
510 712
510 718
510 734
511 521
511 556
511 561
511 582
511 662
511 679
511 716
511 720
511 731
511 742
512 515
512 516
512 539
512 590
512 613
512 618
512 641
513 537
513 564
513 641
513 662
513 703
513 721
513 736
514 520
514 526
514 551
514 561
514 568
514 588
514 590
514 638
514 682
515 521
515 603
515 606
515 616
515 625
515 671
515 676
515 691
515 738
516 540
516 583
516 648
516 665
517 518
517 532
517 549
517 550
517 560
517 562
517 575
517 578
517 630
517 653
518 525
518 542
518 611
518 662
518 678
518 723
519 527
519 548
519 550
519 552
519 595
519 644
519 647
519 721
519 727
519 739
520 615
520 631
520 635
520 738
520 743
520 749
521 529
521 540
521 585
521 592
521 604
521 607
521 617
521 692
522 599
522 658
522 688
523 564
523 675
523 721
524 559
524 588
524 602
524 608
524 609
524 654
524 667
524 674
524 704
524 705
524 713
525 543
525 561
525 622
525 648
525 658
525 718
525 719
525 726
525 744
526 583
526 674
527 610
527 672
527 675
528 529
528 554
528 611
528 649
528 664
528 717
529 539
529 559
529 593
529 595
529 606
529 630
529 645
529 646
529 682
529 729
530 618
530 636
530 722
530 749
531 534
531 551
531 586
531 594
531 634
531 648
532 630
532 635
532 655
532 658
532 691
532 697
532 706
532 735
533 549
533 583
533 607
533 608
533 610
533 643
533 647
533 682
533 683
533 732
534 535
534 557
534 560
534 565
534 567
534 592
534 643
534 656
534 694
534 735
535 567
535 597
535 623
535 672
535 728
536 537
536 540
536 578
536 584
536 598
536 616
536 618
536 623
536 673
536 675
537 575
537 631
537 694
537 708
537 715
538 539
538 606
538 617
538 619
538 649
538 722
538 726
538 748
539 557
539 565
539 605
539 674
539 692
540 543
540 560
540 603
540 643
540 676
540 678
540 691
540 745
541 551
541 552
541 554
541 616
541 648
541 668
541 692
541 736
542 575
542 601
542 640
543 567
543 573
543 658
543 731
544 552
544 593
544 597
544 609
544 620
544 654
544 727
545 602
545 614
545 623
545 634
545 656
545 672
545 676
545 696
545 739
546 547
546 553
546 707
546 718
546 744
546 745
547 579
547 596
547 615
547 624
547 628
547 644
547 675
547 686
547 703
547 729
548 549
548 593
548 640
548 666
548 695
548 696
548 697
548 723
549 571
549 606
549 611
549 624
549 689
549 697
549 699
550 571
550 674
550 717
551 552
551 586
551 598
551 609
551 625
551 640
551 663
551 675
552 568
552 577
552 604
552 698
552 712
552 743
553 555
553 566
553 569
553 576
553 595
553 606
553 670
553 711
553 738
554 568
554 584
554 616
554 620
554 663
554 669
554 678
554 723
554 737
555 556
555 574
555 610
555 676
555 685
555 724
555 737
556 558
556 562
556 566
556 595
556 608
556 700
556 731
557 643
557 659
557 673
557 675
557 679
557 692
557 711
557 741
557 743
558 563
558 584
558 646
558 661
558 680
558 700
558 712
558 750
559 572
559 584
559 640
559 654
559 680
559 695
559 704
560 564
560 678
560 684
560 687
560 719
560 723
560 731
560 745
561 566
561 590
561 631
561 655
561 700
561 715
561 729
561 739
562 616
562 618
562 642
562 660
562 701
562 702
563 668
563 708
564 585
564 615
564 636
564 662
564 675
564 681
564 716
564 717
564 725
564 734
565 567
565 568
565 582
565 603
565 625
565 635
565 671
565 678
565 687
565 691
565 714
565 742
566 601
566 616
566 715
567 584
567 597
567 667
568 587
568 641
568 690
569 572
569 573
569 584
569 588
569 590
569 607
569 618
569 631
569 687
569 722
569 743
570 584
570 595
570 614
570 659
570 720
571 579
571 613
571 628
571 646
571 667
571 720
571 748
572 585
572 589
572 623
572 719
573 593
573 595
573 735
574 575
574 606
574 674
574 685
574 728
574 737
574 740
575 579
575 605
575 652
575 704
575 705
575 713
576 580
576 645
576 655
576 715
577 600
577 605
577 606
577 624
577 644
577 646
577 668
577 708
578 625
578 657
578 705
578 708
578 721
578 736
579 582
579 592
579 611
579 619
579 748
580 600
580 610
580 630
580 635
580 680
580 723
580 741
581 582
581 610
581 625
582 728
583 588
583 661
583 662
583 686
583 697
583 700
583 726
583 727
583 731
584 631
584 646
584 664
584 665
584 669
584 679
584 714
585 623
585 734
585 735
585 736
585 744
585 750
586 620
586 646
586 672
586 673
586 704
586 714
587 594
587 599
587 692
587 715
587 724
587 739
588 591
588 596
588 645
588 667
588 682
589 618
589 651
589 667
589 741
590 598
590 608
590 618
590 621
590 657
590 659
590 705
590 706
591 617
591 712
591 717
591 722
592 686
593 617
593 622
593 639
593 692
593 729
593 744
594 595
594 637
594 735
595 597
595 629
595 666
595 693
595 727
595 729
595 741
596 597
596 645
596 682
596 695
596 709
597 606
597 633
597 658
597 726
597 749
598 608
598 624
598 661
598 676
598 703
598 716
598 729
599 602
599 620
599 638
599 646
600 604
600 633
600 641
600 698
600 743
601 634
601 679
601 692
601 726
601 734
601 748
602 642
602 651
602 653
602 664
602 732
602 737
603 658
603 666
603 670
603 675
603 679
603 709
603 712
603 725
604 605
604 615
604 660
604 687
604 745
604 750
605 625
605 636
605 646
605 664
605 668
605 678
605 682
605 704
605 714
605 724
605 729
605 733
606 623
606 627
606 655
606 674
606 675
606 707
606 747
607 625
608 611
608 616
608 627
608 648
608 679
608 691
608 692
608 714
608 727
609 687
609 688
609 704
609 714
609 744
610 638
610 673
610 675
610 691
610 728
611 622
611 634
611 638
611 648
611 688
611 721
611 733
611 742
612 647
612 699
612 704
612 711
612 746
613 634
613 649
613 659
613 661
613 664
613 685
613 705
613 747
614 629
614 648
614 741
614 748
615 616
615 629
615 685
615 691
615 703
615 709
615 712
615 732
616 681
616 698
616 713
617 640
617 705
617 748
618 649
618 745
618 748
619 663
619 714
619 725
620 621
620 630
620 685
620 725
621 670
621 674
621 675
621 702
621 713
621 716
621 724
622 667
622 717
622 723
622 728
622 745
623 624
623 694
623 695
623 702
624 661
624 737
625 626
625 657
625 686
625 714
626 648
626 672
626 748
627 628
627 629
627 656
627 707
627 743
628 633
628 649
628 654
628 724
628 738
629 630
629 632
629 641
629 682
629 705
629 738
630 738
631 640
631 672
631 691
631 708
632 653
632 679
632 718
633 634
633 651
633 661
634 635
634 657
634 664
634 677
634 702
634 705
635 640
635 642
635 651
635 663
635 685
635 712
635 716
635 735
636 637
636 659
637 650
637 657
637 687
637 696
637 698
637 708
638 674
638 683
638 692
638 696
638 707
638 749
639 644
639 652
639 664
639 679
640 643
640 664
640 676
640 692
641 642
641 693
641 709
642 644
642 656
642 680
642 735
642 741
643 674
643 684
643 728
643 747
644 645
644 647
644 685
644 736
645 659
645 664
645 681
645 693
645 719
645 725
645 734
646 708
646 729
647 666
647 681
647 702
647 717
647 719
647 720
647 739
648 658
648 664
648 732
649 690
649 692
649 720
649 744
650 654
650 691
650 698
651 654
651 681
651 694
651 745
652 669
652 670
653 667
653 702
654 736
655 703
655 712
655 742
656 658
656 728
656 733
657 663
657 715
657 728
657 729
657 742
658 681
659 703
659 744
660 671
660 742
661 712
661 726
662 663
662 688
662 690
662 716
664 673
664 695
665 666
665 670
665 702
665 726
665 734
666 746
667 669
667 680
667 708
667 729
668 738
669 728
669 742
669 743
670 671
670 677
670 691
671 689
671 696
671 728
672 673
672 677
672 681
672 704
673 707
673 710
673 720
673 746
674 684
674 709
674 719
674 720
674 727
675 680
675 740
676 687
676 728
676 740
677 678
677 730
677 749
678 682
678 728
678 732
679 705
680 746
681 712
681 730
681 745
681 747
681 750
682 712
683 689
683 702
683 703
684 698
684 700
684 701
684 702
684 732
684 742
685 695
685 720
685 745
686 697
686 714
686 725
687 713
688 689
689 718
689 729
689 733
689 736
689 738
690 691
691 718
692 696
692 714
693 694
693 705
694 717
694 744
695 696
695 698
695 723
696 730
697 715
697 720
697 735
698 699
698 713
698 735
698 744
698 750
699 707
699 714
699 741
699 742
699 750
700 701
700 725
701 706
701 707
701 711
702 703
702 706
702 737
703 745
704 732
705 708
706 730
706 738
707 708
707 738
707 748
707 749
708 728
709 711
709 714
709 734
710 732
710 744
710 748
711 723
712 722
713 714
713 735
713 739
713 750
714 742
715 716
716 718
716 729
717 743
718 734
718 747
719 722
721 723
722 729
722 730
722 733
723 742
723 743
724 748
726 742
727 732
729 735
731 737
731 742
731 749
733 737
734 738
735 746
737 740
739 741
740 747
741 742
741 747
741 749
742 745
743 746
747 748
749 750
